['Max TemperatureF' 'Mean TemperatureF' 'Min TemperatureF' 'Max Dew PointF'
 'MeanDew PointF' 'Min DewpointF' 'Max Humidity' ' Mean Humidity'
 ' Min Humidity' ' Max Sea Level PressureIn' ' Mean Sea Level PressureIn'
 ' Min Sea Level PressureIn' ' Max VisibilityMiles' ' Mean VisibilityMiles'
 ' Min VisibilityMiles' ' Max Wind SpeedMPH' ' Mean Wind SpeedMPH'
 'PrecipitationIn' ' CloudCover' ' WindDirDegrees']



LGA#######################
(22125, 147)

  MaxT    MeanT   MinT    MaxD    MeanD   MinD     MaxH    MeanH  MinH     MaxP    MeanP   MinP    MaxV    MeanV   MinV    MaxW    MeanW   Rain   Cloud  WindDir WindDir


fitting to HMM and decoding ... classes=2
Transition matrix
[[ 0.51   0.49 ]
 [ 0.411  0.589]]

n=1		0.61
n=2		0.56
n=3		0.27
n=4		0.45
n=7		0.53
n=14		0.49
naive:
[  5.841   4.577   3.992   7.33    7.232   6.979  12.52   11.442  12.356   0.128   0.156   0.165   0.497   1.701   3.5     5.369   3.354   0.235  2.066   6.788   6.917]
[  5.754   4.477   3.924   6.919   6.907   6.772  12.158  11.227  12.204   0.126   0.153   0.163   0.47    1.646   3.391   5.361   3.362   0.232  2.051   6.789   6.911]
[  5.798   4.525   3.997   7.099   7.089   6.87   12.326  11.412  12.332   0.128   0.155   0.165   0.469   1.677   3.439   5.373   3.353   0.233  2.067   6.745   6.903]
[  5.802   4.541   3.993   7.101   7.068   6.883  12.353  11.386  12.276   0.128   0.156   0.165   0.47    1.682   3.444   5.369   3.354   0.233  2.055   6.769   6.91 ]
[  5.79    4.522   3.999   7.064   7.009   6.831  12.297  11.316  12.216   0.128   0.155   0.165   0.47    1.659   3.422   5.374   3.353   0.232  2.052   6.725   6.898]
[  5.811   4.525   3.969   7.086   7.032   6.853  12.325  11.379  12.24    0.127   0.155   0.165   0.472   1.68    3.452   5.369   3.356   0.234    2.061   6.74    6.899]
[  8.622   6.219   5.511  10.077   9.646   9.772  19.048  16.691  19.214   0.178   0.215   0.236   0.137   2.156   5.339   8.834   5.395   0.39   3.207  10.806  11.082]
  MaxT    MeanT   MinT    MaxD    MeanD   MinD     MaxH    MeanH  MinH     MaxP    MeanP   MinP    MaxV    MeanV   MinV    MaxW    MeanW   Rain   Cloud  WindDir WindDir


fitting to HMM and decoding ... classes=4
Transition matrix
[[ 0.303  0.559  0.02   0.118]
 [ 0.004  0.332  0.614  0.049]
 [ 0.828  0.01   0.143  0.019]
 [ 0.012  0.117  0.011  0.86 ]]

n=1		0.64
n=2		0.32
n=3		0.10
n=4		0.28
n=7		0.33
n=14		0.19
naive:
[  5.761   4.473   3.952   6.756   6.774   6.716  12.061  11.212  12.128   0.129   0.155   0.165   0.405   1.576   3.306   5.387   3.385   0.22   2.028   6.777   6.976]
[  5.743   4.466   3.941   6.836   6.834   6.733  12.074  11.228  12.171   0.13    0.156   0.166   0.419   1.6     3.328   5.432   3.435   0.223  2.032   6.793   6.982]
[  5.775   4.491   3.984   6.943   6.942   6.797  12.195  11.314  12.231   0.131   0.158   0.167   0.419   1.608   3.348   5.432   3.428   0.223  2.043   6.807   6.965]
[  5.774   4.497   3.978   6.941   6.939   6.81   12.279  11.37   12.253   0.131   0.158   0.167   0.417   1.614   3.363   5.412   3.413   0.223  2.05    6.806   6.99 ]
[  5.803   4.515   3.987   6.946   6.936   6.795  12.156  11.281  12.19    0.13    0.157   0.167   0.418   1.61    3.347   5.422   3.412   0.223    2.045   6.795   6.957]
[  5.831   4.56    4.009   7.011   7.091   6.897  12.477  11.575  12.3   0.132   0.159   0.167   0.413   1.634   3.397   5.357   3.419   0.217  2.085   6.819   7.068]
[  8.622   6.219   5.511  10.077   9.646   9.772  19.048  16.691  19.214   0.178   0.215   0.236   0.137   2.156   5.339   8.834   5.395   0.39   3.207  10.806  11.082]
  MaxT    MeanT   MinT    MaxD    MeanD   MinD     MaxH    MeanH  MinH     MaxP    MeanP   MinP    MaxV    MeanV   MinV    MaxW    MeanW   Rain   Cloud  WindDir WindDir


fitting to HMM and decoding ... classes=6
Transition matrix
[[ 0.202  0.143  0.212  0.012  0.068  0.363]
 [ 0.     0.007  0.005  0.     0.978  0.01 ]
 [ 0.009  0.042  0.834  0.008  0.009  0.098]
 [ 0.752  0.1    0.01   0.015  0.001  0.122]
 [ 0.004  0.009  0.01   0.875  0.     0.101]
 [ 0.002  0.863  0.016  0.     0.008  0.112]]

n=1		0.73
n=2		0.11
n=3		0.04
n=4		0.14
n=7		0.22
n=14		0.08
naive:
[  5.774   4.515   3.989   6.978   6.763   6.689  12.011  11.034  12.084   0.133   0.163   0.176   0.454   1.619   3.349   5.479   3.435   0.224  2.001   6.742   7.026]
[  5.887   4.644   4.096   7.618   7.23    6.879  12.745  11.499  12.223   0.137   0.169   0.182   0.437   1.601   3.437   5.521   3.465   0.224  2.047   6.765   7.035]
[  5.904   4.673   4.178   7.715   7.382   7.026  12.952  11.672  12.356   0.142   0.174   0.189   0.437   1.637   3.47    5.589   3.516   0.224  2.067   6.882   7.129]
[  5.929   4.691   4.143   7.608   7.291   7.016  12.804  11.581  12.318   0.139   0.171   0.186   0.438   1.644   3.459   5.545   3.495   0.222  2.053   6.851   7.093]
[  5.902   4.654   4.147   7.528   7.244   6.93   12.786  11.537  12.253   0.139   0.17    0.184   0.439   1.645   3.467   5.531   3.507   0.223  2.053   6.9     7.126]
[  5.973   4.753   4.291   7.781   7.526   7.149  12.993  11.957  12.606   0.139   0.171   0.186   0.458   1.734   3.576   5.696   3.615   0.238  2.102   6.905   7.442]
[  8.622   6.219   5.511  10.077   9.646   9.772  19.048  16.691  19.214   0.178   0.215   0.236   0.137   2.156   5.339   8.834   5.395   0.39   3.207  10.806  11.082]
  MaxT    MeanT   MinT    MaxD    MeanD   MinD     MaxH    MeanH  MinH     MaxP    MeanP   MinP    MaxV    MeanV   MinV    MaxW    MeanW   Rain   Cloud  WindDir WindDir


fitting to HMM and decoding ... classes=10
Transition matrix
[[ 0.002  0.135  0.     0.049  0.027  0.023  0.003  0.007  0.755  0.   ]
 [ 0.     0.008  0.     0.005  0.933  0.015  0.028  0.     0.001  0.011]
 [ 0.015  0.06   0.615  0.041  0.012  0.149  0.099  0.001  0.002  0.006]
 [ 0.003  0.     0.51   0.317  0.005  0.033  0.007  0.01   0.104  0.01 ]
 [ 0.038  0.005  0.     0.014  0.001  0.03   0.009  0.001  0.     0.902]
 [ 0.025  0.589  0.009  0.006  0.086  0.166  0.104  0.005  0.004  0.007]
 [ 0.011  0.024  0.01   0.093  0.009  0.045  0.782  0.003  0.011  0.012]
 [ 0.001  0.001  0.001  0.     0.001  0.003  0.001  0.99   0.001  0.001]
 [ 0.007  0.142  0.014  0.007  0.267  0.44   0.01   0.008  0.036  0.069]
 [ 0.686  0.036  0.     0.249  0.003  0.001  0.016  0.001  0.003  0.005]]

n=1		0.71
n=2		0.07
n=3		0.03
n=4		0.11
n=7		0.17
n=14		0.05
naive:
[  5.848   4.578   4.012   7.439   7.453   7.175  12.834  12.093  12.943   0.13    0.159   0.171   0.81    2.108   3.803   5.409   3.451   0.272  2.129   6.894   7.185]
[  5.81    4.559   4.037   7.494   7.399   7.143  12.852  11.91   12.802   0.131   0.161   0.174   0.785   2.053   3.732   5.443   3.497   0.266  2.131   7.009   7.265]
[  5.926   4.686   4.187   7.959   7.928   7.483  13.635  12.671  13.17    0.136   0.167   0.181   0.792   2.126   3.878   5.517   3.55    0.268    2.199   7.108   7.293]
[  5.948   4.716   4.193   7.9     7.84    7.452  13.447  12.545  13.058   0.136   0.167   0.181   0.794   2.129   3.904   5.471   3.506   0.268  2.169   7.036   7.297]
[  5.989   4.713   4.17    7.805   7.735   7.257  13.358  12.399  12.863   0.135   0.166   0.18    0.785   2.093   3.855   5.51    3.537   0.262  2.17    6.998   7.281]
[  6.117   4.854   4.396   8.12    8.001   7.489  14.021  12.932  13.049   0.14    0.17    0.182   0.777   2.102   3.925   5.628   3.709   0.261  2.187   7.146   7.675]
[  8.622   6.219   5.511  10.077   9.646   9.772  19.048  16.691  19.214   0.178   0.215   0.236   0.137   2.156   5.339   8.834   5.395   0.39   3.207  10.806  11.082]
['Max TemperatureF' 'Mean TemperatureF' 'Min TemperatureF' 'Max Dew PointF'
 'MeanDew PointF' 'Min DewpointF' 'Max Humidity' ' Mean Humidity'
 ' Min Humidity' ' Max Sea Level PressureIn' ' Mean Sea Level PressureIn'
 ' Min Sea Level PressureIn' ' Max VisibilityMiles' ' Mean VisibilityMiles'
 ' Min VisibilityMiles' ' Max Wind SpeedMPH' ' Mean Wind SpeedMPH'
 'PrecipitationIn' ' CloudCover' ' WindDirDegrees']



SFO#######################
(23453, 147)

  MaxT    MeanT   MinT    MaxD    MeanD   MinD     MaxH    MeanH  MinH     MaxP    MeanP   MinP    MaxV    MeanV   MinV    MaxW    MeanW   Rain   Cloud  WindDir WindDir


fitting to HMM and decoding ... classes=2
Transition matrix
[[ 0.911  0.089]
 [ 0.075  0.925]]

n=1		1.00
[ 3.694  2.339  2.188  2.721  2.333  3.069  5.041  6.301  9.789  0.067
  0.071  0.074  0.106  0.64   2.069  5.008  3.051  0.076  1.595  3.446
n=2		1.00
  0.071  0.074  0.106  0.64   2.069  5.007  3.051  0.076  1.595  3.446
n=3		1.00
  0.071  0.074  0.106  0.64   2.07   5.008  3.051  0.076  1.595  3.446
n=4		1.00
  0.071  0.074  0.106  0.64   2.069  5.008  3.051  0.076  1.595  3.447
  4.069]
[ 3.694  2.339  2.189  2.721  2.333  3.068  5.042  6.301  9.788  0.067
  4.069]
[ 3.694  2.339  2.188  2.721  2.333  3.067  5.042  6.301  9.789  0.067
  4.069]
[ 3.694  2.339  2.188  2.721  2.333  3.067  5.042  6.301  9.79   0.067
  4.069]
n=7		1.00
[ 3.695  2.339  2.188  2.722  2.333  3.067  5.043  6.301  9.789  0.067
  0.071  0.074  0.105  0.639  2.07   5.008  3.051  0.076  1.595  3.447
  4.069]
n=14		1.00
[ 3.695  2.338  2.187  2.721  2.332  3.066  5.044  6.301  9.782  0.067
  0.07   0.074  0.105  0.638  2.068  5.008  3.049  0.076  1.596  3.447
  4.064]
naive:
[  5.677   3.517   3.399   4.279   3.364   4.629   8.451   9.633  15.547   0.089   0.091   0.101   0.08    1.055   3.623   8.195   4.846   0.137  2.483   5.593   6.41 ]
  MaxT    MeanT   MinT    MaxD    MeanD   MinD     MaxH    MeanH  MinH     MaxP    MeanP   MinP    MaxV    MeanV   MinV    MaxW    MeanW   Rain   Cloud  WindDir WindDir


fitting to HMM and decoding ... classes=4
Transition matrix
[[ 0.912  0.012  0.069  0.007]
 [ 0.058  0.829  0.055  0.057]
 [ 0.118  0.015  0.813  0.054]
 [ 0.009  0.037  0.095  0.859]]

n=1		0.95
n=2		0.95
n=3		0.93
n=4		0.92
n=7		0.90
n=14		0.85
naive:
[  3.729   2.363   2.195   2.799   2.489   3.384   5.401   6.676  10.11    0.067   0.07    0.074   0.32    0.874   2.219   5.031   3.079   0.081    1.622   3.469   4.07 ]
[  3.729   2.363   2.195   2.799   2.489   3.383   5.401   6.675  10.108   0.067   0.07    0.074   0.32    0.875   2.219   5.031   3.079   0.081  1.622   3.469   4.07 ]
[  3.731   2.363   2.196   2.801   2.497   3.388   5.402   6.683  10.134   0.067   0.071   0.075   0.32    0.875   2.222   5.032   3.079   0.081  1.624   3.47    4.07 ]
[  3.732   2.362   2.196   2.798   2.494   3.392   5.4     6.689  10.136   0.067   0.071   0.075   0.321   0.876   2.223   5.032   3.079   0.081  1.624   3.469   4.07 ]
[  3.737   2.364   2.194   2.793   2.49    3.39    5.398   6.692  10.139   0.067   0.071   0.075   0.32    0.875   2.224   5.031   3.076   0.081  1.623   3.464   4.066]
[  3.778   2.374   2.171   2.787   2.472   3.381   5.43    6.678  10.076   0.066   0.069   0.073   0.321   0.851   2.176   4.928   3.034   0.072  1.618   3.389   4.012]
[  5.677   3.517   3.399   4.279   3.364   4.629   8.451   9.633  15.547   0.089   0.091   0.101   0.08    1.055   3.623   8.195   4.846   0.137  2.483   5.593   6.41 ]
  MaxT    MeanT   MinT    MaxD    MeanD   MinD     MaxH    MeanH  MinH     MaxP    MeanP   MinP    MaxV    MeanV   MinV    MaxW    MeanW   Rain   Cloud  WindDir WindDir


fitting to HMM and decoding ... classes=6
Transition matrix
[[ 0.862  0.     0.013  0.038  0.082  0.004]
 [ 0.     0.941  0.018  0.036  0.005  0.   ]
 [ 0.246  0.     0.591  0.041  0.113  0.009]
 [ 0.031  0.054  0.033  0.855  0.025  0.002]
 [ 0.027  0.132  0.089  0.069  0.682  0.001]
 [ 0.056  0.007  0.     0.021  0.067  0.849]]

n=1		0.80
[ 3.72   2.347  2.207  2.724  2.328  3.096  5.056  6.295  9.798  0.067
  0.071  0.075  0.176  0.622  2.065  5.011  3.053  0.105  1.612  3.451
n=2		0.80
  0.071  0.075  0.176  0.622  2.066  5.01   3.053  0.105  1.612  3.452
n=3		0.69
  0.071  0.075  0.176  0.622  2.066  5.013  3.055  0.105  1.613  3.449
n=4		0.64
  0.071  0.075  0.176  0.621  2.065  5.013  3.054  0.105  1.613  3.449
  4.069]
[ 3.72   2.347  2.207  2.724  2.328  3.095  5.056  6.294  9.797  0.067
  4.07 ]
[ 3.72   2.346  2.211  2.724  2.329  3.097  5.058  6.294  9.8    0.067
  4.068]
[ 3.722  2.347  2.209  2.724  2.328  3.092  5.059  6.298  9.796  0.068
  4.064]
n=7		0.54
[ 3.756  2.351  2.187  2.695  2.293  3.055  5.026  6.255  9.764  0.067
  0.07   0.074  0.176  0.613  2.041  4.988  3.071  0.104  1.611  3.434
  4.051]
n=14		0.36
[ 3.942  2.348  1.972  2.576  2.028  2.738  4.819  5.897  9.319  0.061
  0.063  0.067  0.163  0.479  1.842  4.586  2.957  0.085  1.594  3.191
  3.723]
naive:
[  5.677   3.517   3.399   4.279   3.364   4.629   8.451   9.633  15.547   0.089   0.091   0.101   0.08    1.055   3.623   8.195   4.846   0.137  2.483   5.593   6.41 ]
  MaxT    MeanT   MinT    MaxD    MeanD   MinD     MaxH    MeanH  MinH     MaxP    MeanP   MinP    MaxV    MeanV   MinV    MaxW    MeanW   Rain   Cloud  WindDir WindDir


fitting to HMM and decoding ... classes=10
Transition matrix
[[ 0.297  0.238  0.002  0.002  0.208  0.05   0.001  0.028  0.102  0.072]
 [ 0.     0.151  0.002  0.777  0.01   0.008  0.     0.002  0.018  0.032]
 [ 0.015  0.033  0.815  0.017  0.031  0.004  0.008  0.074  0.004  0.   ]
 [ 0.777  0.03   0.005  0.084  0.03   0.003  0.     0.002  0.055  0.015]
 [ 0.     0.381  0.008  0.003  0.581  0.002  0.     0.     0.018  0.007]
 [ 0.032  0.037  0.002  0.013  0.146  0.642  0.     0.001  0.118  0.008]
 [ 0.     0.     0.     0.     0.     0.023  0.923  0.     0.01   0.045]
 [ 0.085  0.029  0.113  0.04   0.027  0.09   0.026  0.278  0.141  0.17 ]
 [ 0.012  0.008  0.001  0.003  0.021  0.04   0.053  0.     0.812  0.051]
 [ 0.004  0.005  0.     0.001  0.     0.067  0.064  0.001  0.     0.857]]

n=1		0.89
[ 3.708  2.353  2.194  2.769  2.362  3.061  5.084  6.3    9.785  0.067
  0.071  0.075  0.177  0.672  2.132  5.032  3.06   0.169  1.62   3.476
n=2		0.83
  0.071  0.075  0.186  0.677  2.132  5.032  3.061  0.165  1.619  3.473
n=3		0.79
  0.071  0.075  0.186  0.678  2.135  5.033  3.064  0.166  1.62   3.472
n=4		0.78
  0.071  0.075  0.186  0.675  2.131  5.024  3.066  0.165  1.619  3.468
  4.069]
[ 3.709  2.355  2.196  2.77   2.367  3.072  5.105  6.307  9.789  0.067
  4.072]
[ 3.709  2.355  2.198  2.772  2.369  3.065  5.11   6.309  9.793  0.067
  4.072]
[ 3.715  2.357  2.199  2.773  2.368  3.065  5.107  6.305  9.78   0.067
  4.064]
n=7		0.76
[ 3.736  2.354  2.177  2.76   2.342  3.039  5.09   6.283  9.774  0.067
  0.07   0.074  0.183  0.663  2.113  4.982  3.05   0.164  1.619  3.443
  4.044]
n=14		0.69
[ 3.844  2.368  2.078  2.699  2.219  2.9    5.001  6.11   9.5    0.065
  0.067  0.071  0.173  0.591  2.012  4.84   3.016  0.161  1.611  3.348
  3.915]
naive:
[  5.677   3.517   3.399   4.279   3.364   4.629   8.451   9.633  15.547   0.089   0.091   0.101   0.08    1.055   3.623   8.195   4.846   0.137  2.483   5.593   6.41 ]
['Max TemperatureF' 'Mean TemperatureF' 'Min TemperatureF' 'Max Dew PointF'
 'MeanDew PointF' 'Min DewpointF' 'Max Humidity' ' Mean Humidity'
 ' Min Humidity' ' Max Sea Level PressureIn' ' Mean Sea Level PressureIn'
 ' Min Sea Level PressureIn' ' Max VisibilityMiles' ' Mean VisibilityMiles'
 ' Min VisibilityMiles' ' Max Wind SpeedMPH' ' Mean Wind SpeedMPH'
 'PrecipitationIn' ' CloudCover' ' WindDirDegrees']



MDW#######################
(22990, 147)

  MaxT    MeanT   MinT    MaxD    MeanD   MinD     MaxH    MeanH  MinH     MaxP    MeanP   MinP    MaxV    MeanV   MinV    MaxW    MeanW   Rain   Cloud  WindDir WindDir


fitting to HMM and decoding ... classes=2
Transition matrix
[[ 0.798  0.202]
 [ 0.036  0.964]]

n=1		1.00
n=2		1.00
n=3		0.99
n=4		0.99
n=7		0.99
n=14		0.99
naive:
[  6.265   4.906   4.839   6.297   5.939   5.95    8.642   9.372  11.289   0.121   0.141   0.148   0.214   1.269   2.964   5.063   3.259   0.145  1.947   6.542   5.902]
[  6.265   4.907   4.838   6.298   5.94    5.951   8.642   9.373  11.29    0.121   0.141   0.148   0.213   1.268   2.964   5.061   3.258   0.145    1.947   6.542   5.902]
[  6.265   4.907   4.838   6.298   5.939   5.951   8.643   9.373  11.291   0.12    0.141   0.148   0.214   1.268   2.964   5.062   3.258   0.144  1.948   6.543   5.901]
[  6.266   4.907   4.839   6.299   5.94    5.952   8.643   9.373  11.291   0.12    0.141   0.148   0.213   1.267   2.964   5.062   3.258   0.144  1.948   6.542   5.901]
[  6.266   4.908   4.839   6.3     5.942   5.955   8.644   9.373  11.29    0.121   0.141   0.148   0.213   1.267   2.964   5.063   3.258   0.145    1.948   6.542   5.901]
[  6.27    4.911   4.842   6.304   5.944   5.956   8.65    9.374  11.291   0.121   0.141   0.148   0.212   1.267   2.966   5.064   3.259   0.145  1.95    6.544   5.901]
[  9.369   6.852   6.855   9.622   8.512   8.711  14.07   14.365  17.993   0.169   0.196   0.213   0.278   2.126   5.165   8.314   5.276   0.266  3.176  10.346   9.492]
  MaxT    MeanT   MinT    MaxD    MeanD   MinD     MaxH    MeanH  MinH     MaxP    MeanP   MinP    MaxV    MeanV   MinV    MaxW    MeanW   Rain   Cloud  WindDir WindDir


fitting to HMM and decoding ... classes=4
Transition matrix
[[ 0.257  0.003  0.11   0.63 ]
 [ 0.547  0.384  0.045  0.024]
 [ 0.01   0.044  0.885  0.061]
 [ 0.013  0.6    0.055  0.332]]

n=1		0.59
n=2		0.37
n=3		0.10
n=4		0.22
n=7		0.34
n=14		0.16
naive:
[  6.454   5.102   5.002   6.694   6.249   6.178   8.787   9.518  11.37    0.124   0.145   0.153   0.44    1.454   3.089   5.063   3.278   0.16   1.985   6.569   5.911]
[  6.503   5.123   4.943   6.64    6.209   6.143   8.703   9.356  11.275   0.123   0.144   0.152   0.452   1.428   3.056   5.071   3.292   0.161  1.989   6.65    5.924]
[  6.563   5.218   5.083   6.812   6.375   6.253   8.78    9.444  11.357   0.124   0.146   0.154   0.451   1.446   3.08    5.08    3.297   0.162  1.997   6.674   5.943]
[  6.56    5.208   5.079   6.828   6.369   6.251   8.8     9.48   11.351   0.125   0.147   0.155   0.452   1.448   3.094   5.077   3.296   0.162  1.997   6.643   5.943]
[  6.542   5.169   5.048   6.781   6.343   6.222   8.762   9.438  11.363   0.125   0.146   0.154   0.455   1.464   3.091   5.095   3.298   0.161  1.989   6.626   5.927]
[  6.676   5.293   5.137   6.998   6.477   6.29    8.872   9.633  11.587   0.129   0.151   0.159   0.459   1.49    3.106   5.052   3.341   0.154  2.027   6.662   6.006]
[  9.369   6.852   6.855   9.622   8.512   8.711  14.07   14.365  17.993   0.169   0.196   0.213   0.278   2.126   5.165   8.314   5.276   0.266  3.176  10.346   9.492]
  MaxT    MeanT   MinT    MaxD    MeanD   MinD     MaxH    MeanH  MinH     MaxP    MeanP   MinP    MaxV    MeanV   MinV    MaxW    MeanW   Rain   Cloud  WindDir WindDir


fitting to HMM and decoding ... classes=6
Transition matrix
[[ 0.232  0.188  0.074  0.     0.31   0.195]
 [ 0.017  0.877  0.022  0.011  0.058  0.015]
 [ 0.003  0.03   0.018  0.899  0.006  0.043]
 [ 0.723  0.08   0.005  0.055  0.13   0.008]
 [ 0.002  0.037  0.863  0.003  0.084  0.011]
 [ 0.01   0.003  0.024  0.009  0.692  0.262]]

n=1		0.64
n=2		0.21
n=3		0.09
n=4		0.14
n=7		0.20
n=14		0.05
naive:
[  6.369   5.096   4.873   6.98    6.231   6.06    8.779   9.396  11.344   0.128   0.157   0.176   0.369   1.318   3.096   5.423   3.594   0.156  2.021   6.488   6.211]
[  6.524   5.222   5.031   7.045   6.361   6.179   8.804   9.455  11.354   0.128   0.155   0.17    0.445   1.405   3.133   5.307   3.479   0.158  2.024   6.605   6.116]
[  6.586   5.349   5.228   7.231   6.57    6.372   8.916   9.573  11.478   0.132   0.159   0.175   0.448   1.43    3.154   5.302   3.515   0.158  2.034   6.711   6.16 ]
[  6.552   5.295   5.177   7.152   6.53    6.349   8.873   9.574  11.481   0.131   0.157   0.172   0.445   1.425   3.15    5.274   3.492   0.158  2.034   6.677   6.17 ]
[  6.568   5.294   5.14    7.139   6.481   6.291   8.858   9.533  11.42    0.131   0.157   0.172   0.449   1.438   3.149   5.247   3.496   0.158    2.016   6.66    6.129]
[  6.574   5.297   5.136   7.381   6.659   6.465   8.859   9.531  11.538   0.134   0.158   0.174   0.494   1.482   3.074   5.219   3.482   0.154  1.972   6.747   6.285]
[  9.369   6.852   6.855   9.622   8.512   8.711  14.07   14.365  17.993   0.169   0.196   0.213   0.278   2.126   5.165   8.314   5.276   0.266  3.176  10.346   9.492]
  MaxT    MeanT   MinT    MaxD    MeanD   MinD     MaxH    MeanH  MinH     MaxP    MeanP   MinP    MaxV    MeanV   MinV    MaxW    MeanW   Rain   Cloud  WindDir WindDir


fitting to HMM and decoding ... classes=10
Transition matrix
[[ 0.105  0.328  0.017  0.035  0.091  0.114  0.05   0.002  0.034  0.224]
 [ 0.001  0.086  0.     0.855  0.025  0.003  0.009  0.     0.02   0.001]
 [ 0.021  0.016  0.006  0.     0.006  0.044  0.002  0.815  0.076  0.015]
 [ 0.001  0.024  0.561  0.03   0.014  0.167  0.035  0.009  0.133  0.025]
 [ 0.006  0.058  0.036  0.     0.292  0.525  0.071  0.007  0.002  0.004]
 [ 0.001  0.901  0.002  0.005  0.01   0.022  0.008  0.019  0.026  0.007]
 [ 0.021  0.04   0.008  0.006  0.009  0.023  0.74   0.008  0.102  0.044]
 [ 0.634  0.203  0.     0.013  0.032  0.013  0.013  0.002  0.061  0.031]
 [ 0.024  0.008  0.003  0.011  0.002  0.001  0.012  0.012  0.704  0.224]
 [ 0.015  0.202  0.     0.041  0.019  0.032  0.08   0.001  0.049  0.56 ]]

n=1		0.65
n=2		0.36
n=3		0.30
n=4		0.35
n=7		0.27
n=14		0.09
naive:
[  8.713   6.984   5.89   10.609   9.511   7.873  10.211  11.027  12.354   0.154   0.189   0.209   1.326   2.536   3.908   5.448   3.243   0.259  2.186   7.115   6.202]
[  8.007   6.394   5.563   9.22    8.362   7.255   9.578  10.332  11.915   0.144   0.175   0.193   1.089   2.197   3.612   5.357   3.393   0.226  2.125   7.171   6.261]
[  8.298   6.764   5.987   9.913   8.898   7.599   9.938  10.696  12.12    0.151   0.185   0.205   1.09    2.271   3.75    5.474   3.383   0.229    2.175   7.08    6.186]
[  8.051   6.553   5.861   9.719   8.776   7.561   9.91   10.773  12.228   0.149   0.182   0.202   1.096   2.268   3.74    5.42    3.346   0.228  2.165   6.994   6.236]
[  8.253   6.669   5.879   9.808   8.859   7.622   9.899  10.671  12.076   0.149   0.184   0.203   1.107   2.276   3.75    5.445   3.378   0.229  2.165   7.108   6.204]
[  8.644   6.767   5.661  10.033   8.955   7.706  10.001  10.552  12.021   0.143   0.179   0.201   1.181   2.309   3.703   5.362   3.191   0.248  2.154   7.026   6.06 ]
[  9.369   6.852   6.855   9.622   8.512   8.711  14.07   14.365  17.993   0.169   0.196   0.213   0.278   2.126   5.165   8.314   5.276   0.266  3.176  10.346   9.492]
['Max TemperatureF' 'Mean TemperatureF' 'Min TemperatureF' 'Max Dew PointF'
 'MeanDew PointF' 'Min DewpointF' 'Max Humidity' ' Mean Humidity'
 ' Min Humidity' ' Max Sea Level PressureIn' ' Mean Sea Level PressureIn'
 ' Min Sea Level PressureIn' ' Max VisibilityMiles' ' Mean VisibilityMiles'
 ' Min VisibilityMiles' ' Max Wind SpeedMPH' ' Mean Wind SpeedMPH'
 'PrecipitationIn' ' CloudCover' ' WindDirDegrees']



ORD#######################
(22622, 147)

  MaxT    MeanT   MinT    MaxD    MeanD   MinD     MaxH    MeanH  MinH     MaxP    MeanP   MinP    MaxV    MeanV   MinV    MaxW    MeanW   Rain   Cloud  WindDir WindDir


fitting to HMM and decoding ... classes=2
Transition matrix
[[ 0.94   0.06 ]
 [ 0.025  0.975]]

n=1		0.98
n=2		0.98
n=3		0.97
n=4		0.97
n=7		0.96
n=14		0.95
naive:
[  6.328   4.976   5.19    6.342   6.003   5.908   7.726   8.596  11.3   0.122   0.143   0.148   0.144   1.3     3.035   5.192   3.211   0.148  1.914   6.479   5.813]
[  6.328   4.977   5.19    6.343   6.003   5.909   7.727   8.597  11.301   0.122   0.143   0.148   0.144   1.3     3.035   5.193   3.212   0.148  1.914   6.48    5.814]
[  6.329   4.978   5.191   6.344   6.004   5.909   7.729   8.598  11.301   0.122   0.143   0.148   0.144   1.3     3.036   5.194   3.212   0.148  1.914   6.481   5.814]
[  6.329   4.978   5.191   6.345   6.005   5.91    7.73    8.6    11.301   0.122   0.143   0.148   0.144   1.3     3.036   5.194   3.212   0.148  1.914   6.48    5.815]
[  6.327   4.977   5.191   6.342   6.002   5.909   7.731   8.601  11.301   0.122   0.143   0.148   0.144   1.3     3.037   5.194   3.212   0.148  1.915   6.48    5.815]
[  6.331   4.978   5.187   6.336   5.993   5.902   7.728   8.578  11.253   0.121   0.142   0.148   0.144   1.293   3.032   5.192   3.212   0.148  1.914   6.485   5.802]
[  9.45    7.008   7.678   9.606   8.537   8.656  12.894  13.275  18.073   0.171   0.199   0.213   0.263   2.23    5.326   8.628   5.184   0.276  3.1    10.343   9.352]
  MaxT    MeanT   MinT    MaxD    MeanD   MinD     MaxH    MeanH  MinH     MaxP    MeanP   MinP    MaxV    MeanV   MinV    MaxW    MeanW   Rain   Cloud  WindDir WindDir


fitting to HMM and decoding ... classes=4
Transition matrix
[[ 0.941  0.024  0.02   0.016]
 [ 0.024  0.387  0.032  0.557]
 [ 0.016  0.649  0.331  0.004]
 [ 0.033  0.     0.473  0.494]]

n=1		0.59
n=2		0.42
n=3		0.15
n=4		0.18
n=7		0.32
n=14		0.11
naive:
[  6.381   5.07    5.176   6.556   6.157   6.034   7.832   8.604  11.328   0.123   0.145   0.151   0.222   1.413   3.166   5.217   3.249   0.161  1.952   6.456   5.825]
[  6.401   5.088   5.3     6.561   6.155   6.028   7.853   8.63   11.343   0.124   0.145   0.152   0.257   1.443   3.186   5.225   3.249   0.162  1.959   6.491   5.814]
[  6.404   5.114   5.385   6.639   6.224   6.102   7.871   8.692  11.427   0.124   0.146   0.152   0.258   1.452   3.206   5.237   3.252   0.163  1.965   6.531   5.83 ]
[  6.403   5.121   5.386   6.641   6.237   6.098   7.889   8.759  11.481   0.125   0.146   0.153   0.258   1.457   3.204   5.229   3.253   0.162  1.971   6.513   5.831]
[  6.372   5.083   5.349   6.607   6.201   6.073   7.851   8.702  11.47    0.124   0.146   0.152   0.261   1.452   3.201   5.247   3.264   0.163    1.962   6.516   5.839]
[  6.352   5.122   5.392   6.637   6.262   6.068   7.611   8.71   11.383   0.128   0.15    0.159   0.269   1.527   3.237   5.365   3.353   0.178  1.956   6.6     5.866]
[  9.45    7.008   7.678   9.606   8.537   8.656  12.894  13.275  18.073   0.171   0.199   0.213   0.263   2.23    5.326   8.628   5.184   0.276  3.1    10.343   9.352]
  MaxT    MeanT   MinT    MaxD    MeanD   MinD     MaxH    MeanH  MinH     MaxP    MeanP   MinP    MaxV    MeanV   MinV    MaxW    MeanW   Rain   Cloud  WindDir WindDir


fitting to HMM and decoding ... classes=6
Transition matrix
[[ 0.943  0.008  0.03   0.005  0.009  0.004]
 [ 0.013  0.091  0.01   0.012  0.867  0.007]
 [ 0.051  0.036  0.692  0.199  0.021  0.001]
 [ 0.008  0.584  0.007  0.4    0.001  0.   ]
 [ 0.012  0.005  0.056  0.05   0.051  0.826]
 [ 0.013  0.152  0.406  0.239  0.002  0.188]]

n=1		0.58
n=2		0.28
n=3		0.09
n=4		0.14
n=7		0.23
n=14		0.05
naive:
[  6.735   5.633   5.65    7.771   7.032   6.602   8.182   9.078  11.713   0.134   0.162   0.174   0.476   1.773   3.567   5.351   3.299   0.202  2.037   6.494   5.834]
[  6.648   5.411   5.521   7.111   6.583   6.3     7.995   8.831  11.467   0.127   0.15    0.158   0.403   1.657   3.411   5.244   3.238   0.182  1.988   6.615   5.834]
[  6.773   5.633   5.85    7.582   6.933   6.516   8.124   8.992  11.693   0.133   0.159   0.169   0.403   1.69    3.483   5.354   3.304   0.183  2.019   6.617   5.85 ]
[  6.69    5.561   5.795   7.492   6.855   6.483   8.122   9.021  11.689   0.132   0.157   0.167   0.404   1.683   3.489   5.34    3.294   0.183  2.026   6.565   5.861]
[  6.664   5.519   5.754   7.469   6.789   6.421   8.105   9.015  11.62    0.133   0.159   0.169   0.41    1.682   3.476   5.371   3.33    0.181    2.016   6.587   5.851]
[  6.759   5.646   5.869   7.523   6.933   6.649   7.951   8.825  11.47    0.14    0.166   0.176   0.447   1.783   3.482   5.211   3.368   0.188    2.059   6.655   5.811]
[  9.45    7.008   7.678   9.606   8.537   8.656  12.894  13.275  18.073   0.171   0.199   0.213   0.263   2.23    5.326   8.628   5.184   0.276  3.1    10.343   9.352]
  MaxT    MeanT   MinT    MaxD    MeanD   MinD     MaxH    MeanH  MinH     MaxP    MeanP   MinP    MaxV    MeanV   MinV    MaxW    MeanW   Rain   Cloud  WindDir WindDir


fitting to HMM and decoding ... classes=10
Transition matrix
[[ 0.198  0.014  0.008  0.     0.015  0.727  0.     0.005  0.033  0.001]
 [ 0.122  0.118  0.055  0.29   0.038  0.149  0.004  0.004  0.215  0.006]
 [ 0.082  0.03   0.     0.002  0.008  0.     0.816  0.007  0.05   0.006]
 [ 0.308  0.     0.04   0.362  0.115  0.097  0.005  0.046  0.014  0.013]
 [ 0.029  0.015  0.018  0.034  0.776  0.003  0.018  0.014  0.092  0.   ]
 [ 0.013  0.004  0.909  0.     0.006  0.01   0.008  0.005  0.039  0.005]
 [ 0.04   0.628  0.     0.083  0.002  0.019  0.001  0.     0.215  0.012]
 [ 0.001  0.001  0.005  0.011  0.013  0.001  0.004  0.881  0.043  0.041]
 [ 0.008  0.005  0.007  0.04   0.009  0.003  0.007  0.021  0.892  0.006]
 [ 0.002  0.     0.005  0.007  0.     0.006  0.005  0.051  0.022  0.901]]

n=1		0.62
n=2		0.23
n=3		0.12
n=4		0.14
n=7		0.14
n=14		0.01
naive:
[  6.348   5.074   5.334   6.623   6.122   5.986   7.876   8.683  11.363   0.124   0.146   0.154   0.402   1.553   3.259   5.234   3.234   0.161  1.969   6.422   5.825]
[  6.773   5.493   5.543   7.348   6.7     6.285   8.106   8.901  11.519   0.13    0.155   0.164   0.472   1.702   3.445   5.312   3.287   0.175  2.014   6.623   5.881]
[  6.846   5.665   5.818   7.737   6.996   6.496   8.242   9.046  11.69    0.134   0.162   0.174   0.474   1.749   3.512   5.407   3.358   0.175    2.048   6.616   5.914]
[  6.743   5.54    5.733   7.608   6.872   6.415   8.267   9.097  11.727   0.133   0.161   0.173   0.474   1.739   3.502   5.385   3.365   0.172  2.036   6.602   5.948]
[  6.828   5.722   5.867   7.78    7.049   6.557   8.375   9.145  11.676   0.139   0.168   0.179   0.502   1.81    3.553   5.461   3.429   0.17   2.042   6.677   6.006]
[  6.969   6.086   6.562   8.221   7.731   7.578   8.361   9.445  12.331   0.156   0.189   0.194   0.468   2.069   3.616   5.218   3.796   0.159  2.121   6.92    6.544]
[  9.45    7.008   7.678   9.606   8.537   8.656  12.894  13.275  18.073   0.171   0.199   0.213   0.263   2.23    5.326   8.628   5.184   0.276  3.1    10.343   9.352]
