(22133, 20)
['Max TemperatureF' 'Mean TemperatureF' 'Min TemperatureF' 'Max Dew PointF'
 'MeanDew PointF' 'Min DewpointF' 'Max Humidity' ' Mean Humidity'
 ' Min Humidity' ' Max Sea Level PressureIn' ' Mean Sea Level PressureIn'
 ' Min Sea Level PressureIn' ' Max VisibilityMiles' ' Mean VisibilityMiles'
 ' Min VisibilityMiles' ' Max Wind SpeedMPH' ' Mean Wind SpeedMPH'
 'PrecipitationIn' ' CloudCover' ' WindDirDegrees']
[  87.     80.     73.     69.     62.     56.     87.     56.     36.
   30.09   30.01   29.98   15.     13.      3.     18.     10.      0.
    0.    300.  ]
Using PCA
fitting to HMM and decoding ...
done
Transition matrix
[[ 0.913  0.087]
 [ 0.074  0.926]]

Means and vars of each hidden state
0th hidden state
mean = [ 77.874  70.638  63.312  62.372  57.454  51.986  83.365  66.343  48.09
  30.081  30.001  29.923  12.321   9.266   5.745  18.008   9.783   0.158
   3.68   -9.051  -6.967]
var = [  9.348   8.424   8.235   7.424   8.042   9.34   11.699  13.129  15.213
   0.154   0.165   0.18    3.475   3.25    3.93    4.833   3.025   0.645
   2.869  69.678  70.813]

1th hidden state
mean = [ 48.043  41.86   35.443  33.771  26.8    20.144  74.404  57.96   42.241
  30.19   30.061  29.93   13.811  11.041   7.555  21.195  12.903   0.078
   3.27   26.351 -31.733]
var = [ 12.236  11.127  10.618  12.281  11.777  12.003  15.434  13.98   13.907
   0.242   0.259   0.28    3.859   3.718   4.681   6.437   4.473   0.215
   2.89   60.881  67.765]

(22133, 22)
Using PCA
fitting to HMM and decoding ...
done
Transition matrix
[[ 0.878  0.046  0.076]
 [ 0.054  0.523  0.424]
 [ 0.065  0.238  0.697]]

Means and vars of each hidden state
0th hidden state
mean = [ 81.455  74.108  66.698  65.209  60.574  55.378  83.234  65.807  47.247
  30.07   30.     29.93   12.122   9.124   5.673  17.462   9.364   0.077
   3.507 -14.399 -11.323]
var = [  7.111   6.216   6.125   5.693   6.25    7.546  10.859  11.667  13.381
   0.14    0.146   0.154   3.349   2.903   3.541   4.276   2.629   0.189
   2.735  68.988  70.037]

1th hidden state
mean = [ 52.35   46.594  40.572  44.741  37.696  29.827  90.45   73.54   55.227
  30.11   29.951  29.804  12.749   8.426   3.545  21.712  12.211   0.365
   5.431  15.984   5.436]
var = [ 12.341  11.426  11.288  12.126  12.869  14.451   9.782  13.083  16.735
   0.239   0.257   0.282   3.8     3.465   3.624   7.      4.412   0.872
   2.896  67.725  71.612]

2th hidden state
mean = [ 51.646  44.991  38.142  33.768  27.23   21.409  67.968  51.939  37.195
  30.212  30.107  29.995  14.134  12.124   9.375  20.378  12.699   0.
   2.288  25.96  -42.245]
var = [ 14.894  13.676  12.892  13.525  13.22   13.468  11.886   9.129   9.565
   0.222   0.229   0.24    3.794   3.318   3.943   5.91    4.386   0.001
   2.32   60.085  62.7  ]

(22133, 22)
Using PCA
fitting to HMM and decoding ...
done
Transition matrix
[[ 0.763  0.153  0.     0.083]
 [ 0.237  0.479  0.037  0.246]
 [ 0.     0.039  0.806  0.155]
 [ 0.037  0.181  0.131  0.65 ]]

Means and vars of each hidden state
0th hidden state
mean = [ 39.2    33.455  27.46   23.992  16.818  10.509  67.7    52.215  38.606
  30.231  30.103  29.968  14.451  12.068   8.737  22.051  14.223   0.024
   2.612  37.048 -51.902]
var = [  8.875   8.293   8.375   9.393   8.398   8.812  13.377   9.486   9.186
   0.248   0.259   0.274   3.849   3.502   4.577   6.467   4.636   0.087
   2.526  52.369  56.49 ]

1th hidden state
mean = [ 55.39   49.688  43.701  48.428  41.838  34.123  92.541  76.697  58.296
  30.083  29.925  29.781  12.351   7.925   3.193  21.646  11.964   0.409
   5.781  12.609  12.294]
var = [ 10.943   9.829   9.634   9.859  10.031  11.818   7.509  11.671  16.632
   0.231   0.248   0.275   3.635   3.153   3.09    7.048   4.254   0.944
   2.796  68.85   70.353]

2th hidden state
mean = [ 83.135  75.927  68.662  67.59   63.258  58.245  85.105  67.959  49.399
  30.047  29.978  29.91   11.633   8.48    4.9    17.65    9.326   0.111
   3.818 -21.348 -13.269]
var = [  6.645   5.56    5.269   4.372   4.884   6.301   9.961  11.144  13.227
   0.13    0.137   0.146   3.062   2.502   3.143   4.431   2.582   0.254
   2.742  67.421  69.445]

3th hidden state
mean = [ 66.888  59.292  51.579  47.84   41.743  35.949  72.927  55.027  37.828
  30.178  30.091  30.001  13.756  11.62    8.836  18.293  10.65    0.
   2.355  11.907 -21.668]
var = [ 10.407   9.443   9.069   9.566   9.498  10.067  11.872  10.229  10.628
   0.182   0.189   0.198   3.749   3.284   3.855   4.716   3.43    0.001
   2.352  66.992  70.006]

(22133, 22)
Using PCA
fitting to HMM and decoding ...
done
Transition matrix
[[ 0.641  0.018  0.036  0.156  0.149]
 [ 0.023  0.486  0.426  0.065  0.   ]
 [ 0.06   0.26   0.661  0.02   0.   ]
 [ 0.285  0.112  0.084  0.45   0.068]
 [ 0.196  0.     0.     0.062  0.742]]

Means and vars of each hidden state
0th hidden state
mean = [ 73.666  65.761  57.776  54.235  48.353  42.611  74.676  56.144  38.106
  30.151  30.074  29.994  13.652  11.436   8.565  17.612  10.008   0.
   2.275   7.475 -16.484]
var = [  8.336   7.663   7.654   7.537   7.622   8.43   11.181   9.492   9.888
   0.164   0.171   0.179   3.713   3.213   3.782   4.252   3.13    0.001
   2.278  68.116  70.941]

1th hidden state
mean = [ 46.395  40.778  34.846  38.555  30.815  22.565  88.388  70.027  51.556
  30.138  29.97   29.811  13.23    9.005   4.117  21.868  12.518   0.226
   4.987  25.536  -5.071]
var = [  9.797   8.646   8.454   9.601   9.315  10.644  10.581  12.652  15.155
   0.258   0.278   0.302   3.881   3.581   3.969   7.062   4.525   0.347
   3.012  64.004  72.289]

2th hidden state
mean = [ 44.014  37.887  31.539  26.519  19.929  14.228  64.866  50.167  36.86
  30.232  30.118  29.997  14.234  12.296   9.626  21.367  13.728   0.
   2.262  32.743 -53.157]
var = [ 11.086  10.206   9.854  10.221   9.67   10.09   10.858   8.229   8.993
   0.234   0.241   0.253   3.795   3.263   3.869   6.167   4.488   0.001
   2.281  55.09   55.384]

3th hidden state
mean = [ 66.215  60.196  53.976  58.028  52.619  46.032  93.108  78.539  60.756
  30.06   29.939  29.83   11.978   7.753   3.11   20.18   11.015   0.47
   5.871  -3.297  20.486]
var = [  7.588   6.675   6.88    6.368   6.861   8.923   6.879  11.225  16.737
   0.182   0.2     0.227   3.468   3.014   2.925   6.396   3.755   1.162
   2.651  70.532  67.784]

4th hidden state
mean = [ 84.894  77.649  70.359  69.219  65.149  60.327  85.587  68.476  49.81
  30.036  29.969  29.904  11.33    8.168   4.627  17.731   9.265   0.101
   3.837 -27.947 -17.588]
var = [  5.857   4.739   4.461   3.563   4.033   5.527   9.311  10.238  12.219
   0.124   0.13    0.139   2.888   2.287   2.921   4.455   2.486   0.217
   2.683  65.669  67.802]

(22133, 22)
Using PCA
fitting to HMM and decoding ...
done
Transition matrix
[[ 0.486  0.084  0.062  0.368  0.     0.   ]
 [ 0.069  0.597  0.206  0.051  0.076  0.001]
 [ 0.086  0.282  0.467  0.035  0.09   0.039]
 [ 0.265  0.093  0.005  0.637  0.     0.   ]
 [ 0.     0.049  0.069  0.     0.653  0.229]
 [ 0.     0.012  0.061  0.     0.335  0.592]]

Means and vars of each hidden state
0th hidden state
mean = [ 44.103  38.629  32.845  36.427  28.586  20.295  88.075  69.542  51.178
  30.141  29.969  29.807  13.361   9.033   4.031  22.071  12.728   0.226
   4.989  31.152  -7.092]
var = [  8.987   7.827   7.758   9.045   8.65   10.097  10.847  12.776  15.072
   0.261   0.279   0.303   3.909   3.625   3.979   7.06    4.499   0.333
   3.012  61.325  72.239]

1th hidden state
mean = [ 61.587  54.176  46.615  42.79   36.345  30.396  71.663  53.82   37.087
  30.194  30.098  30.     13.746  11.681   8.95   18.995  11.2     0.
   2.412  13.74  -27.805]
var = [  7.887   6.586   6.088   7.111   6.532   7.181  11.893  10.139  10.74
   0.197   0.206   0.217   3.754   3.26    3.848   5.082   3.632   0.002
   2.39   65.682  68.731]

2th hidden state
mean = [ 64.319  58.182  51.809  55.857  49.94   42.922  92.153  76.71   58.394
  30.065  29.938  29.823  12.295   8.144   3.571  20.416  11.206   0.396
   5.596  -1.912  15.428]
var = [  7.708   6.613   6.721   6.037   6.432   8.566   7.775  11.909  17.083
   0.197   0.217   0.244   3.617   3.235   3.318   6.575   3.948   1.085
   2.791  70.093  69.608]

3th hidden state
mean = [ 38.919  33.121  27.096  21.997  15.378   9.736  63.254  49.527  37.187
  30.247  30.129  30.001  14.409  12.509   9.805  21.994  14.462   0.
   2.188  37.749 -58.909]
var = [  8.702   8.177   8.255   8.713   8.024   8.548  10.265   7.612   8.394
   0.241   0.247   0.258   3.8     3.271   3.918   6.286   4.589   0.002
   2.239  50.763  50.277]

4th hidden state
mean = [ 81.227  73.356  65.423  61.726  56.518  51.072  76.574  58.183  39.783
  30.107  30.039  29.97   12.967  10.616   7.749  17.025   9.392   0.
   2.385  -0.408 -18.081]
var = [  6.49    5.9     6.002   5.504   5.576   6.451  10.557   8.919   9.244
   0.143   0.149   0.155   3.562   3.032   3.587   3.793   2.774   0.002
   2.259  69.051  70.034]

5th hidden state
mean = [ 83.402  76.537  69.639  70.09   66.313  61.714  89.571  73.578  55.281
  30.026  29.954  29.885  11.095   7.508   3.495  18.286   9.484   0.215
   4.63  -32.441  -8.079]
var = [  6.32    5.005   4.586   3.411   3.844   5.416   7.272   9.268  12.486
   0.122   0.13    0.141   2.802   2.123   2.395   5.003   2.546   0.394
   2.706  64.92   68.321]

(22133, 22)
Using PCA
fitting to HMM and decoding ...
done
Transition matrix
[[ 0.42   0.     0.     0.     0.187  0.     0.     0.096  0.021  0.276]
 [ 0.     0.5    0.036  0.192  0.     0.179  0.092  0.     0.001  0.   ]
 [ 0.     0.097  0.386  0.103  0.     0.275  0.003  0.055  0.082  0.   ]
 [ 0.     0.267  0.13   0.358  0.001  0.114  0.119  0.007  0.005  0.   ]
 [ 0.109  0.     0.002  0.     0.54   0.     0.     0.082  0.071  0.196]
 [ 0.     0.101  0.188  0.089  0.     0.483  0.003  0.01   0.124  0.   ]
 [ 0.     0.282  0.004  0.171  0.     0.006  0.536  0.     0.001  0.   ]
 [ 0.073  0.     0.071  0.011  0.101  0.031  0.     0.468  0.234  0.011]
 [ 0.002  0.003  0.09   0.005  0.103  0.082  0.     0.187  0.526  0.002]
 [ 0.261  0.     0.     0.     0.153  0.     0.     0.018  0.005  0.561]]

Means and vars of each hidden state
0th hidden state
mean = [ 81.746  75.168  68.537  69.925  65.97   61.144  91.255  76.05   58.223
  30.016  29.937  29.862  11.263   7.421   2.907  19.198   9.784   0.379
   5.382 -27.1     0.815]
var = [  6.223   4.777   4.349   3.434   3.823   5.648   7.13    9.74   13.599
   0.126   0.137   0.156   2.903   2.161   2.209   5.925   2.8     0.59
   2.517  66.516  69.574]

1th hidden state
mean = [ 39.579  33.884  27.962  23.249  16.4    10.56   63.979  50.137  37.865
  30.238  30.118  29.99   14.231  12.267   9.538  21.778  14.233   0.
   2.324  37.449 -56.815]
var = [  5.247   4.483   4.805   5.717   4.662   5.655  10.655   7.908   8.702
   0.239   0.246   0.257   3.757   3.189   3.859   6.26    4.483   0.002
   2.306  51.809  51.822]

2th hidden state
mean = [ 54.967  48.94   42.649  48.5    41.384  33.267  93.384  77.247  58.698
  30.085  29.918  29.768  12.128   7.745   2.99   21.841  11.984   0.303
   5.665   4.067   9.731]
var = [  5.933   4.578   4.679   5.481   4.797   6.901   5.822  10.55   15.897
   0.233   0.254   0.28    3.448   2.703   2.432   7.018   4.329   0.437
   2.919  69.077  71.534]

3th hidden state
mean = [ 42.191  36.944  31.272  34.7    26.772  18.148  87.875  69.028  50.295
  30.153  29.974  29.803  13.529   9.02    3.891  22.159  12.834   0.371
   5.104  38.684  -4.822]
var = [  8.336   6.676   6.642   6.915   6.236   8.557  11.174  12.936  15.081
   0.26    0.279   0.305   3.947   3.806   4.114   7.293   4.593   1.258
   2.938  57.891  71.617]

4th hidden state
mean = [ 79.612  71.634  63.607  59.403  53.842  48.283  74.407  55.835  37.68
  30.126  30.056  29.984  13.789  11.566   8.692  17.078   9.635   0.
   2.136  10.926 -15.106]
var = [  4.652   3.842   4.063   4.346   3.906   4.945  10.444   8.139   8.277
   0.141   0.149   0.158   3.724   3.166   3.664   3.945   2.893   0.002
   2.139  68.068  70.846]

5th hidden state
mean = [ 52.777  46.285  39.581  35.14   28.833  23.18   69.518  53.098  37.903
  30.197  30.09   29.978  13.725  11.633   8.977  19.878  12.105   0.
   2.614  19.621 -41.223]
var = [  5.995   4.59    4.183   5.445   4.405   5.293  11.761   9.652  10.337
   0.219   0.229   0.242   3.755   3.174   3.677   5.613   3.924   0.002
   2.454  62.04   63.772]

6th hidden state
mean = [ 27.067  21.242  15.263  11.332   4.28   -1.636  63.55   49.236  37.057
  30.311  30.186  30.047  15.442  13.146   9.577  23.654  16.179   0.035
   1.968  49.556 -58.974]
var = [  5.48    4.997   5.371   7.328   5.312   5.513  12.557   7.933   7.333
   0.253   0.262   0.278   3.838   3.771   5.308   6.332   4.788   0.124
   2.262  40.513  49.244]

7th hidden state
mean = [ 69.122  62.827  56.366  59.158  53.934  47.689  91.174  75.624  57.264
  30.076  29.976  29.882  12.452   8.514   4.064  18.905  10.41    0.229
   5.277  -4.295  16.699]
var = [  6.059   4.572   4.481   4.354   4.574   6.781   8.141  11.71   16.387
   0.179   0.194   0.211   3.659   3.313   3.543   5.413   3.389   0.371
   2.828  70.969  68.309]

8th hidden state
mean = [ 67.148  59.275  51.278  47.857  41.381  35.325  73.325  54.545  36.743
  30.175  30.087  29.997  13.816  11.74    8.89   18.635  10.744   0.      2.3
  10.296 -21.749]
var = [  5.67    4.354   4.185   5.472   5.046   6.09   11.658   9.867  10.378
   0.184   0.194   0.204   3.746   3.286   3.92    4.952   3.451   0.002
   2.328  66.704  70.509]

9th hidden state
mean = [ 86.838  79.225  71.581  68.683  64.554  59.725  81.479  63.598  44.821
  30.049  29.989  29.927  11.224   8.535   5.718  17.029   9.063   0.
   2.86  -26.751 -28.501]
var = [  5.17    4.32    4.199   3.384   3.747   5.053   9.443   8.849   9.683
   0.124   0.129   0.135   2.741   2.157   2.85    3.522   2.421   0.003
   2.364  65.365  64.804]

(22133, 22)
(23461, 20)
['Max TemperatureF' 'Mean TemperatureF' 'Min TemperatureF' 'Max Dew PointF'
 'MeanDew PointF' 'Min DewpointF' 'Max Humidity' ' Mean Humidity'
 ' Min Humidity' ' Max Sea Level PressureIn' ' Mean Sea Level PressureIn'
 ' Min Sea Level PressureIn' ' Max VisibilityMiles' ' Mean VisibilityMiles'
 ' Min VisibilityMiles' ' Max Wind SpeedMPH' ' Mean Wind SpeedMPH'
 'PrecipitationIn' ' CloudCover' ' WindDirDegrees']
[  55.     50.     46.     53.     48.     42.     96.     87.     80.
   30.2    30.14   30.1    20.      8.      2.     16.      7.      0.
    0.    124.  ]
Using PCA
fitting to HMM and decoding ...
done
Transition matrix
[[ 0.85   0.15 ]
 [ 0.107  0.893]]

Means and vars of each hidden state
0th hidden state
mean = [ 59.557  53.089  46.369  48.527  44.193  39.543  90.181  74.655  55.785
  30.157  30.087  30.02   13.974  10.291   6.444  18.016   8.344   0.174
   3.339  -5.829 -18.016]
var = [  7.722   6.145   6.186   6.271   7.092   8.42    9.161  12.378  16.199
   0.154   0.162   0.175   4.375   3.386   4.188   7.696   4.528   3.254
   2.954  65.038  73.563]

1th hidden state
mean = [ 68.507  60.453  52.369  53.222  50.018  46.705  89.153  73.232  52.724
  30.043  29.998  29.949  13.949  10.881   8.041  22.547  11.074   0.
   2.075  24.33  -88.147]
var = [  7.272   5.02    4.161   4.137   4.162   5.535   6.486   8.383  12.076
   0.102   0.099   0.099   4.204   2.255   2.777   5.192   3.881   0.001
   2.323  37.947  14.077]

(23461, 22)
Using PCA
fitting to HMM and decoding ...
done
Transition matrix
[[ 0.91   0.056  0.034]
 [ 0.108  0.625  0.267]
 [ 0.062  0.17   0.768]]

Means and vars of each hidden state
0th hidden state
mean = [ 69.86   61.718  53.575  54.252  51.256  48.3    89.336  73.546  53.054
  30.017  29.974  29.927  13.869  10.824   8.022  22.802  11.285   0.
   2.122  25.053 -87.938]
var = [  6.794   4.366   3.378   3.541   3.235   4.305   6.201   7.906  11.479
   0.084   0.082   0.084   4.187   2.12    2.627   4.843   3.633   0.001
   2.33   38.023  13.911]

1th hidden state
mean = [ 60.9    55.402  49.594  51.821  48.004  43.793  92.252  78.488  61.073
  30.077  30.     29.926  14.784  10.652   5.873  21.278  10.176   0.339
   4.638 -18.729 -36.633]
var = [  8.098   5.921   5.333   4.966   5.374   6.491   6.338   8.977  13.515
   0.139   0.147   0.163   4.363   3.082   3.895   7.46    4.343   4.544
   2.798  62.87   65.989]

2th hidden state
mean = [ 59.775  52.221  44.489  46.407  41.808  36.797  88.14   71.084  50.625
  30.21   30.151  30.091  13.538  10.342   7.423  17.024   7.749   0.
   1.942  12.47  -30.472]
var = [  7.157   5.363   4.958   5.304   5.995   7.387   9.901  12.806  16.032
   0.12    0.119   0.124   4.272   3.401   4.088   7.142   4.55    0.001
   2.399  56.846  75.395]

(23461, 22)
Using PCA
fitting to HMM and decoding ...
done
Transition matrix
[[ 0.597  0.035  0.334  0.033]
 [ 0.017  0.773  0.045  0.165]
 [ 0.095  0.03   0.865  0.01 ]
 [ 0.026  0.371  0.02   0.583]]

Means and vars of each hidden state
0th hidden state
mean = [ 73.77   64.309  54.489  55.151  50.407  45.473  86.226  67.188  44.087
  30.019  29.968  29.916  15.452  11.742   8.209  20.795   9.477   0.067
   2.595  19.76  -69.138]
var = [ 11.007   5.992   4.096   4.517   4.915   7.174   9.296  12.768  17.033
   0.098   0.097   0.1     4.314   2.81    3.646   4.945   3.587   0.111
   2.664  58.648  37.28 ]

1th hidden state
mean = [ 59.29   51.843  44.255  46.301  41.819  36.915  88.539  71.756  51.406
  30.213  30.153  30.094  13.518  10.316   7.387  17.069   7.809   0.
   1.968  12.067 -31.062]
var = [  6.169   4.767   4.693   5.257   6.005   7.358   9.492  12.206  15.502
   0.118   0.118   0.123   4.274   3.394   4.07    7.175   4.6     0.001
   2.402  56.325  75.611]

2th hidden state
mean = [ 68.706  61.055  53.4    54.038  51.354  48.715  90.007  74.909  55.058
  30.022  29.979  29.933  13.862  10.8     7.992  23.035  11.594   0.
   2.217  23.654 -89.372]
var = [  5.187   3.458   3.154   3.291   3.065   3.781   5.535   6.176   9.075
   0.083   0.081   0.082   4.169   2.076   2.586   4.806   3.534   0.001
   2.349  36.207  11.92 ]

3th hidden state
mean = [ 57.144  52.423  47.468  50.371  46.393  41.992  93.459  80.785  64.995
  30.096  30.005  29.92   13.923   9.882   4.783  21.205   9.975   0.451
   5.136 -31.432 -19.256]
var = [  4.59    4.188   4.755   4.765   5.11    5.95    5.537   7.941  11.858
   0.153   0.167   0.188   4.286   2.9     3.385   8.48    4.679   5.557
   2.739  61.032  70.117]

(23461, 22)
Using PCA
fitting to HMM and decoding ...
done
Transition matrix
[[ 0.846  0.094  0.017  0.028  0.016]
 [ 0.367  0.591  0.015  0.006  0.021]
 [ 0.024  0.013  0.511  0.369  0.083]
 [ 0.05   0.009  0.143  0.767  0.03 ]
 [ 0.096  0.024  0.19   0.12   0.571]]

Means and vars of each hidden state
0th hidden state
mean = [ 68.314  60.813  53.305  53.895  51.281  48.675  90.117  75.195  55.549
  30.025  29.982  29.936  13.89   10.815   8.001  23.064  11.661   0.
   2.247  22.938 -89.778]
var = [  4.781   3.258   3.12    3.199   3.022   3.746   5.505   5.979   8.62
   0.083   0.08    0.081   4.172   2.081   2.588   4.785   3.535   0.001
   2.353  35.781  11.552]

1th hidden state
mean = [ 77.326  66.391  55.434  56.212  51.272  46.402  85.345  65.281  40.693
  29.994  29.946  29.896  15.021  11.52    8.33   20.941   9.265   0.041
   2.002  30.504 -72.508]
var = [  8.386   5.015   3.731   4.107   4.58    6.975   8.808  11.608  15.143
   0.09    0.089   0.091   4.331   2.611   3.208   4.628   3.264   0.08
   2.378  53.558  30.718]

2th hidden state
mean = [ 56.792  51.684  46.185  48.449  44.296  39.784  91.51   77.172  59.899
  30.099  30.017  29.936  14.995  11.067   6.356  21.164  10.209   0.185
   4.27  -19.232 -39.786]
var = [  5.948   4.018   4.138   3.831   3.864   4.843   5.932   7.668  11.35
   0.136   0.143   0.161   4.398   2.987   3.786   7.66    4.592   0.269
   2.813  58.713  67.823]

3th hidden state
mean = [ 59.396  51.787  43.981  45.968  41.344  36.29   88.041  70.792  49.983
  30.219  30.16   30.101  13.539  10.378   7.519  16.936   7.732   0.
   1.788  13.165 -30.544]
var = [  6.752   4.962   4.658   5.164   5.854   7.192   9.72   12.323  15.365
   0.115   0.114   0.119   4.282   3.42    4.081   7.06    4.529   0.001
   2.282  56.166  75.757]

4th hidden state
mean = [ 60.907  56.577  52.069  55.303  52.146  48.434  96.261  86.218  72.525
  30.085  30.003  29.928  12.475   8.331   3.201  20.452   9.363   0.677
   6.167 -35.569  -4.252]
var = [  3.695   2.942   3.111   2.801   2.739   3.487   4.093   5.61    8.996
   0.156   0.177   0.199   3.707   2.216   2.499   9.131   4.89    8.188
   2.181  65.643  66.391]

(23461, 22)
Using PCA
fitting to HMM and decoding ...
done
Transition matrix
[[ 0.885  0.001  0.049  0.023  0.043  0.   ]
 [ 0.005  0.5    0.075  0.095  0.09   0.234]
 [ 0.084  0.034  0.662  0.098  0.083  0.039]
 [ 0.101  0.047  0.128  0.511  0.048  0.164]
 [ 0.093  0.061  0.156  0.042  0.609  0.039]
 [ 0.     0.147  0.051  0.057  0.052  0.693]]

Means and vars of each hidden state
0th hidden state
mean = [ 71.118  62.813  54.524  55.39   52.557  49.935  90.035  74.303  53.456
  30.001  29.959  29.914  13.746  10.709   7.899  22.54   11.048   0.
   2.061  28.021 -86.652]
var = [  5.703   3.448   2.871   2.901   2.477   3.201   5.567   6.785  10.159
   0.076   0.075   0.077   4.159   2.047   2.585   4.249   3.105   0.001
   2.255  38.895  13.906]

1th hidden state
mean = [ 55.868  51.262  46.388  49.532  45.473  40.996  93.613  81.139  65.585
  30.07   29.97   29.879  13.755   9.582   4.349  22.083  10.273   0.643
   5.366 -37.551 -12.436]
var = [  4.3     3.739   4.357   4.118   4.153   4.866   5.182   7.2    11.112
   0.163   0.179   0.199   4.234   2.686   2.91    9.332   4.936   7.173
   2.641  59.214  70.207]

2th hidden state
mean = [ 62.913  55.986  48.97   49.461  46.284  42.612  88.18   73.02   54.163
  30.106  30.056  30.004  14.536  11.462   8.688  23.872  12.337   0.
   2.192  15.718 -94.744]
var = [  4.525   2.991   3.071   3.038   2.889   4.065   6.04    6.629  10.286
   0.1     0.098   0.099   4.247   2.215   2.507   6.141   4.536   0.002
   2.392  27.156   6.247]

3th hidden state
mean = [ 66.322  57.088  47.36   45.913  39.131  32.002  78.503  55.988  33.281
  30.118  30.056  29.992  15.77   12.909  10.27   20.879   9.956   0.026
   1.073  35.216 -50.773]
var = [ 14.375   9.98    7.335   7.968   7.891   8.755  10.98   11.145  12.897
   0.143   0.14    0.145   4.03    2.76    3.606   6.26    4.719   0.07
   1.734  52.652  58.393]

4th hidden state
mean = [ 64.722  58.766  52.64   54.838  51.635  48.098  93.426  80.265  62.392
  30.09   30.031  29.972  14.347  10.279   5.794  19.444   9.103   0.115
   4.481 -10.707 -44.065]
var = [  5.572   3.625   3.326   3.043   3.01    3.898   5.661   7.427  11.837
   0.112   0.112   0.119   4.389   3.085   3.871   5.919   3.696   0.164
   2.756  64.686  61.314]

5th hidden state
mean = [ 57.483  49.948  42.303  46.099  41.823  37.185  91.951  75.799  54.9
  30.256  30.195  30.135  12.38    8.923   5.8    12.961   5.221   0.
   2.177   2.801   0.08 ]
var = [  5.298   4.      4.037   4.191   4.502   5.488   6.634   9.684  14.36
   0.113   0.112   0.119   4.016   3.219   3.769   4.568   2.201   0.002
   2.498  62.563  77.962]

(23461, 22)
Using PCA
fitting to HMM and decoding ...
done
Transition matrix
[[ 0.72   0.002  0.069  0.027  0.063  0.     0.013  0.086  0.003  0.016]
 [ 0.004  0.442  0.     0.013  0.128  0.131  0.028  0.004  0.136  0.114]
 [ 0.129  0.     0.755  0.031  0.003  0.     0.003  0.071  0.     0.009]
 [ 0.106  0.014  0.104  0.648  0.03   0.002  0.001  0.045  0.003  0.046]
 [ 0.068  0.093  0.     0.007  0.589  0.015  0.056  0.05   0.09   0.03 ]
 [ 0.     0.133  0.     0.001  0.019  0.641  0.073  0.     0.079  0.054]
 [ 0.025  0.035  0.007  0.004  0.083  0.042  0.603  0.018  0.031  0.152]
 [ 0.224  0.001  0.166  0.031  0.038  0.     0.015  0.506  0.018  0.001]
 [ 0.002  0.105  0.     0.002  0.121  0.19   0.026  0.039  0.505  0.009]
 [ 0.029  0.16   0.009  0.018  0.112  0.024  0.142  0.001  0.012  0.492]]

Means and vars of each hidden state
0th hidden state
mean = [ 66.946  59.93   52.892  53.013  50.71   48.42   90.008  75.625  56.929
  30.019  29.977  29.933  14.112  10.929   8.111  23.41   12.159   0.
   2.205  19.672 -90.272]
var = [  3.456   2.037   2.155   1.941   1.568   2.063   5.343   5.388   7.461
   0.075   0.073   0.074   4.146   2.021   2.404   4.65    3.402   0.002
   2.409  36.546  11.329]

1th hidden state
mean = [ 56.119  50.929  45.122  47.258  42.873  38.174  90.486  75.219  57.166
  30.108  30.025  29.944  15.625  11.659   6.998  20.873  10.024   0.165
   3.935 -15.94  -42.051]
var = [  7.123   4.107   4.178   3.647   3.586   4.652   6.376   7.861  11.523
   0.135   0.139   0.154   4.3     2.939   3.852   7.077   4.193   0.22
   2.802  60.71   65.512]

2th hidden state
mean = [ 71.662  63.962  56.303  57.137  54.683  52.45   91.273  76.509  56.364
  30.     29.958  29.914  13.491  10.668   7.967  22.203  10.917   0.
   2.531  24.079 -86.969]
var = [  3.462   2.265   2.436   2.143   1.765   2.106   4.836   5.04    6.863
   0.076   0.075   0.077   4.21    2.084   2.74    4.069   2.773   0.002
   2.229  40.492  14.732]

3th hidden state
mean = [ 71.142  63.054  54.892  55.362  52.102  48.577  88.872  72.522  51.077
  30.02   29.974  29.925  17.072  12.569   8.652  21.525  10.596   0.605
   3.273  13.058 -72.425]
var = [  6.418   4.022   3.402   3.572   3.666   5.24    7.274   8.707  12.264
   0.086   0.086   0.088   3.653   2.848   3.798   4.738   3.34    9.844
   2.54   57.822  35.223]

4th hidden state
mean = [ 61.682  54.893  47.997  48.32   45.04   41.236  87.274  72.079  53.539
  30.117  30.066  30.013  14.827  11.756   9.063  24.159  12.578   0.
   2.129  14.51  -95.373]
var = [  4.142   2.757   2.931   2.741   2.484   3.587   5.825   6.1     9.704
   0.103   0.101   0.103   4.265   2.173   2.268   6.305   4.617   0.002
   2.332  25.787   5.34 ]

5th hidden state
mean = [ 55.978  48.562  41.044  45.366  41.234  36.844  92.973  77.475  56.769
  30.268  30.206  30.147  11.983   8.428   5.253  12.053   4.863   0.
   2.129  -0.244   7.874]
var = [  4.581   3.233   3.192   3.175   3.075   3.738   5.562   7.78   12.338
   0.111   0.11    0.116   3.89    3.015   3.403   4.016   1.89    0.002
   2.457  61.832  78.197]

6th hidden state
mean = [ 62.674  55.823  48.848  52.863  49.422  45.536  95.399  82.156  63.206
  30.196  30.141  30.085  11.613   8.178   4.449  15.361   6.089   0.001
   3.259  15.341 -27.564]
var = [  5.361   3.421   3.22    2.797   2.694   3.562   4.645   7.293  12.685
   0.096   0.096   0.101   3.34    2.596   3.368   5.096   2.552   0.004
   2.81   61.001  72.689]

7th hidden state
mean = [ 80.686  67.363  54.055  55.876  49.797  43.887  83.923  60.806  32.72
  29.994  29.946  29.894  13.876  10.784   7.902  21.149   8.522   0.
   0.701  53.488 -77.973]
var = [  6.435   4.673   4.015   4.04    3.917   6.157   8.062   8.633   9.054
   0.095   0.092   0.093   4.17    2.14    2.684   4.397   2.897   0.002
   1.272  26.439  18.978]

8th hidden state
mean = [ 60.201  51.699  42.931  41.46   34.67   27.597  78.299  55.676  33.454
  30.211  30.147  30.084  15.089  12.626  10.5    18.582   9.047   0.
   0.773  22.507 -24.471]
var = [  8.847   6.782   5.914   5.744   5.622   6.459  11.321  10.049  10.278
   0.131   0.132   0.137   4.049   2.852   3.558   7.013   4.899   0.003
   1.347  61.466  71.53 ]

9th hidden state
mean = [ 59.983  55.683  51.2    54.233  50.743  46.634  95.311  84.472  70.076
  30.054  29.964  29.881  13.126   8.898   3.502  22.124  10.377   0.395
   6.209 -46.099 -10.191]
var = [  3.857   3.242   3.387   3.143   3.205   4.184   4.289   5.804   9.67
   0.148   0.165   0.189   3.988   2.225   2.412   8.966   4.772   0.461
   2.173  57.616  66.719]

(23461, 22)
(22630, 20)
['Max TemperatureF' 'Mean TemperatureF' 'Min TemperatureF' 'Max Dew PointF'
 'MeanDew PointF' 'Min DewpointF' 'Max Humidity' ' Mean Humidity'
 ' Min Humidity' ' Max Sea Level PressureIn' ' Mean Sea Level PressureIn'
 ' Min Sea Level PressureIn' ' Max VisibilityMiles' ' Mean VisibilityMiles'
 ' Min VisibilityMiles' ' Max Wind SpeedMPH' ' Mean Wind SpeedMPH'
 'PrecipitationIn' ' CloudCover' ' WindDirDegrees']
[  32.     30.     28.     32.     30.     26.    100.     97.     92.
   29.92   29.59   29.35   10.      4.      0.     22.     13.      0.
    8.     44.  ]
Using PCA
fitting to HMM and decoding ...
done
Transition matrix
[[ 0.928  0.072]
 [ 0.061  0.939]]

Means and vars of each hidden state
0th hidden state
mean = [ 77.56   67.757  57.638  61.65   56.467  50.666  89.306  69.483  48.768
  30.055  29.982  29.905  12.293   9.699   5.951  16.755   8.487   0.112
   3.756 -15.62  -10.472]
var = [  9.594   8.37    8.857   8.029   8.434   9.487   8.755  10.957  13.888
   0.135   0.146   0.161   2.749   2.922   3.85    5.648   3.407   0.386
   2.645  73.496  65.151]

1th hidden state
mean = [ 42.01   34.333  26.073  31.267  24.999  18.429  86.317  70.244  53.244
  30.194  30.072  29.943  12.332   9.734   6.047  18.469  10.743   0.043
   4.335   2.074 -30.698]
var = [ 14.973  13.469  13.147  12.63   12.841  13.877  10.015  12.218  15.692
   0.221   0.238   0.26    2.785   3.278   4.279   6.168   4.197   0.133
   2.901  69.009  65.507]

(22630, 22)
Using PCA
fitting to HMM and decoding ...
done
Transition matrix
[[ 0.803  0.197  0.   ]
 [ 0.159  0.76   0.08 ]
 [ 0.     0.08   0.92 ]]

Means and vars of each hidden state
0th hidden state
mean = [ 33.428  25.829  17.877  23.181  16.73    9.955  84.002  68.903  52.897
  30.279  30.162  30.03   12.676  10.312   6.566  17.843  10.656   0.004
   3.764   3.944 -45.883]
var = [ 11.519  10.948  11.385  10.268  11.014  12.487   9.39   10.206  12.998
   0.201   0.212   0.231   2.666   3.016   4.211   5.582   4.02    0.015
   2.807  66.129  59.213]

1th hidden state
mean = [ 55.89   47.627  38.568  43.828  37.708  31.218  89.029  71.31   52.549
  30.089  29.97   29.852  12.052   9.229   5.564  18.973  10.565   0.129
   4.829  -1.767 -10.316]
var = [ 13.283   9.964   8.922   9.335   8.633   9.115  10.078  13.918  18.139
   0.193   0.216   0.244   2.84    3.391   4.255   6.558   4.278   0.406
   2.885  72.74   67.818]

2th hidden state
mean = [ 80.572  70.697  60.608  64.135  59.255  53.755  89.309  69.292  48.495
  30.052  29.986  29.916  12.283   9.726   5.986  16.282   8.105   0.077
   3.564 -18.236 -12.879]
var = [  7.373   6.51    7.181   6.625   6.844   7.756   8.332  10.066  12.666
   0.123   0.131   0.141   2.747   2.825   3.752   5.404   3.153   0.224
   2.541  73.059  64.529]

(22630, 22)
Using PCA
fitting to HMM and decoding ...
done
Transition matrix
[[ 0.555  0.081  0.016  0.348]
 [ 0.091  0.689  0.189  0.031]
 [ 0.028  0.25   0.721  0.001]
 [ 0.24   0.049  0.     0.711]]

Means and vars of each hidden state
0th hidden state
mean = [ 46.242  40.097  32.908  40.325  33.797  26.637  92.953  78.961  62.783
  30.074  29.927  29.79   11.42    7.606   3.032  19.864  11.309   0.194
   6.406  -0.755 -12.219]
var = [ 15.007  13.338  13.18   13.021  13.049  14.007   7.065  10.659  15.365
   0.218   0.233   0.257   2.878   2.996   2.987   6.869   4.338   0.456
   2.158  72.364  67.924]

1th hidden state
mean = [ 73.7    62.599  51.267  54.535  48.974  43.1    85.895  63.373  41.562
  30.114  30.043  29.963  12.946  10.983   7.86   16.117   8.36    0.
   2.697  -1.06   -6.602]
var = [  8.469   7.412   7.879   7.516   7.442   8.181   9.871   9.797  11.098
   0.134   0.141   0.154   2.588   2.742   3.853   5.136   3.524   0.001
   2.324  74.081  66.838]

2th hidden state
mean = [ 83.011  73.961  64.722  68.552  63.982  58.597  91.139  73.233  53.26
  30.011  29.942  29.873  11.77    8.744   4.526  17.079   8.392   0.152
   4.286 -32.652 -19.964]
var = [  7.127   5.765   5.743   4.618   4.898   6.238   7.216   9.06   12.162
   0.111   0.119   0.129   2.749   2.49    3.003   5.846   3.089   0.343
   2.509  68.499  61.993]

3th hidden state
mean = [ 38.596  30.41   21.839  26.108  19.974  13.65   83.076  66.558  49.428
  30.263  30.155  30.029  12.788  10.837   7.578  17.768  10.492   0.
   3.351   2.428 -42.114]
var = [ 14.119  12.872  12.552  11.387  11.927  13.223   9.526  10.223  13.09
   0.2     0.206   0.222   2.596   2.8     3.944   5.558   4.028   0.001
   2.656  66.829  61.273]

(22630, 22)
Using PCA
fitting to HMM and decoding ...
done
Transition matrix
[[ 0.655  0.213  0.     0.071  0.061]
 [ 0.293  0.516  0.021  0.085  0.084]
 [ 0.001  0.033  0.7    0.     0.266]
 [ 0.195  0.076  0.     0.729  0.   ]
 [ 0.04   0.081  0.199  0.     0.68 ]]

Means and vars of each hidden state
0th hidden state
mean = [ 46.902  38.597  29.953  33.316  27.904  22.268  85.406  67.619  49.329
  30.195  30.09   29.972  12.455  10.328   7.182  17.694  10.119   0.
   3.787  -0.063 -28.245]
var = [ 10.685   8.111   7.025   6.713   6.161   6.856   9.524  11.693  15.158
   0.182   0.191   0.21    2.714   3.038   4.013   5.659   4.006   0.001
   2.757  70.381  65.183]

1th hidden state
mean = [ 50.89   44.813  37.476  44.782  38.37   31.296  93.608  79.383  62.707
  30.038  29.891  29.757  11.37    7.667   3.239  20.226  11.396   0.244
   6.558  -1.997  -5.955]
var = [ 14.129  11.339  10.713  11.228  10.649  11.217   6.79   10.876  16.05
   0.202   0.219   0.247   2.849   3.047   3.1     7.084   4.398   0.507
   2.03   73.128  67.918]

2th hidden state
mean = [ 83.356  74.361  65.177  68.96   64.439  59.113  91.2    73.432  53.53
  30.008  29.94   29.871  11.756   8.709   4.466  17.187   8.424   0.154
   4.319 -33.955 -20.959]
var = [  6.965   5.583   5.549   4.439   4.706   6.018   7.142   8.913  11.981
   0.11    0.117   0.128   2.751   2.467   2.959   5.886   3.068   0.339
   2.493  67.914  61.607]

3th hidden state
mean = [ 24.082  16.13    7.821  15.109   7.212  -0.932  81.44   67.561  52.863
  30.347  30.223  30.081  12.986  10.522   6.359  18.091  11.156   0.011
   3.367   6.987 -60.633]
var = [  8.91    8.522   9.192   9.947   9.674  10.481   9.49    9.378  11.049
   0.208   0.221   0.243   2.563   2.975   4.416   5.475   3.974   0.029
   2.73   61.379  50.074]

4th hidden state
mean = [ 75.363  64.284  52.978  56.241  50.77   44.938  86.256  63.731  41.872
  30.11   30.042  29.965  12.941  10.95    7.789  15.895   8.185   0.
   2.658  -1.922  -6.293]
var = [  7.807   6.763   7.326   6.774   6.706   7.549   9.718   9.52   10.833
   0.13    0.136   0.149   2.593   2.742   3.851   4.995   3.445   0.001
   2.292  74.282  66.626]

(22630, 22)
Using PCA
fitting to HMM and decoding ...
done
Transition matrix
[[ 0.504  0.147  0.03   0.005  0.06   0.254]
 [ 0.101  0.679  0.183  0.     0.     0.036]
 [ 0.046  0.266  0.687  0.     0.     0.001]
 [ 0.001  0.     0.     0.712  0.165  0.122]
 [ 0.042  0.     0.     0.206  0.567  0.184]
 [ 0.135  0.065  0.     0.04   0.118  0.642]]

Means and vars of each hidden state
0th hidden state
mean = [ 61.747  54.596  46.028  53.533  46.826  39.535  93.125  77.146  58.442
  30.004  29.879  29.761  11.751   8.43    3.992  20.08   10.999   0.214
   6.059 -11.133  -5.8  ]
var = [ 11.197   7.152   7.395   7.319   7.283   8.276   7.169  11.391  16.446
   0.181   0.199   0.228   2.794   2.972   3.232   7.319   4.325   0.36
   2.245  73.268  66.889]

1th hidden state
mean = [ 76.966  65.862  54.549  57.7    52.364  46.642  86.46   63.821  41.926
  30.108  30.043  29.97   12.885  10.886   7.731  15.552   7.916   0.
   2.583  -3.432  -5.537]
var = [  7.214   6.311   7.023   6.408   6.331   7.174   9.485   9.074  10.346
   0.123   0.128   0.139   2.602   2.708   3.793   4.712   3.238   0.001
   2.229  74.514  66.372]

2th hidden state
mean = [ 84.44   75.472  66.335  69.966  65.579  60.381  91.221  73.636  53.885
  30.005  29.939  29.871  11.712   8.643   4.385  17.304   8.423   0.174
   4.32  -36.934 -23.368]
var = [  6.28    4.911   4.887   3.804   3.961   5.272   7.017   8.557  11.448
   0.106   0.113   0.123   2.744   2.432   2.907   5.954   3.032   0.428
   2.463  66.627  60.421]

3th hidden state
mean = [ 24.217  16.253   7.933  14.914   7.057  -0.942  80.806  66.844  52.128
  30.351  30.231  30.09   13.073  10.77    6.736  18.023  11.141   0.007
   3.159   6.451 -62.008]
var = [  9.059   8.647   9.272   9.776   9.525  10.442   9.176   8.924  10.598
   0.204   0.214   0.235   2.529   2.837   4.309   5.511   4.003   0.024
   2.635  61.225  48.63 ]

4th hidden state
mean = [ 37.532  32.278  26.484  33.059  27.517  20.945  93.774  81.906  67.869
  30.116  29.964  29.821  10.869   6.743   2.378  19.134  11.052   0.146
   6.821   5.662 -15.341]
var = [  7.202   6.233   7.336   6.762   6.535   8.264   5.873   8.327  12.463
   0.206   0.225   0.25    2.824   2.686   2.471   6.288   4.304   0.45
   1.786  71.038  68.455]

5th hidden state
mean = [ 50.672  41.545  32.063  34.86   29.314  23.741  83.778  64.264  44.67
  30.196  30.096  29.982  12.856  11.091   8.131  17.689  10.072   0.
   3.197   1.029 -26.639]
var = [ 10.547   8.098   7.164   7.213   6.546   6.972   9.586  10.403  12.877
   0.18    0.189   0.208   2.561   2.635   3.71    5.628   3.999   0.001
   2.573  70.522  65.696]

(22630, 22)
Using PCA
fitting to HMM and decoding ...
done
Transition matrix
[[ 0.429  0.     0.229  0.     0.     0.225  0.035  0.034  0.048  0.   ]
 [ 0.     0.498  0.     0.114  0.167  0.     0.004  0.001  0.008  0.209]
 [ 0.136  0.     0.566  0.     0.     0.163  0.022  0.075  0.038  0.   ]
 [ 0.     0.237  0.     0.66   0.013  0.     0.     0.     0.001  0.089]
 [ 0.     0.083  0.     0.003  0.527  0.     0.052  0.136  0.08   0.119]
 [ 0.215  0.     0.15   0.     0.001  0.62   0.001  0.007  0.007  0.   ]
 [ 0.044  0.029  0.041  0.     0.123  0.002  0.382  0.108  0.163  0.109]
 [ 0.016  0.001  0.136  0.     0.072  0.001  0.07   0.55   0.153  0.   ]
 [ 0.029  0.025  0.052  0.002  0.189  0.008  0.135  0.244  0.283  0.034]
 [ 0.     0.237  0.     0.087  0.109  0.     0.061  0.     0.007  0.499]]

Means and vars of each hidden state
0th hidden state
mean = [ 80.589  72.372  63.892  68.52   63.769  58.049  92.86   76.693  57.494
  29.987  29.909  29.833  11.756   8.519   3.676  18.592   8.915   0.324
   5.523 -32.801 -19.664]
var = [  7.125   5.592   5.565   4.461   4.767   6.361   6.168   8.79   12.525
   0.118   0.126   0.138   2.677   2.375   2.687   6.503   3.015   0.475
   2.142  69.091  61.351]

1th hidden state
mean = [ 33.101  25.595  17.77   23.358  16.887  10.021  83.731  69.217  53.717
  30.283  30.166  30.028  12.705  10.536   6.957  17.972  10.75    0.
   3.674   3.553 -46.41 ]
var = [  5.36    4.693   5.838   4.976   4.594   6.166   8.082   8.745  11.426
   0.189   0.199   0.222   2.605   2.746   3.896   5.791   4.208   0.003
   2.682  66.324  58.606]

2th hidden state
mean = [ 77.38   66.437  55.284  58.519  53.301  47.729  87.278  64.548  42.677
  30.107  30.044  29.973  12.966  11.013   7.862  15.188   7.666   0.
   2.649   1.345  -2.579]
var = [  5.729   4.236   4.837   4.187   3.664   4.614   8.828   8.658  10.059
   0.118   0.124   0.136   2.588   2.713   3.83    4.514   3.11    0.002
   2.236  74.59   66.543]

3th hidden state
mean = [ 18.043   9.908   1.422   8.685   0.184  -8.299  78.605  64.973  50.712
  30.391  30.272  30.133  13.257  10.924   6.795  17.737  11.208   0.017
   2.816   7.707 -71.518]
var = [  7.773   7.055   7.526   9.254   8.244   8.735   9.692   8.957  10.271
   0.205   0.214   0.234   2.48    2.947   4.589   5.166   3.764   0.052
   2.554  57.461  39.04 ]

4th hidden state
mean = [ 48.629  39.778  30.697  33.502  28.23   22.92   84.764  65.712  46.118
  30.193  30.092  29.977  12.769  10.908   7.821  17.702  10.114   0.
   3.373   0.277 -29.141]
var = [  6.743   4.486   4.422   4.851   4.152   4.917   9.187  10.127  12.793
   0.183   0.193   0.211   2.574   2.688   3.766   5.531   3.932   0.002
   2.628  70.75   64.384]

5th hidden state
mean = [ 86.13   76.174  66.077  68.807  64.428  59.379  88.779  68.965  48.192
  30.037  29.98   29.918  11.884   9.129   5.557  15.745   7.9     0.
   2.958 -32.331 -21.261]
var = [  5.181   4.271   4.79    4.055   4.038   5.114   8.166   8.237  10.231
   0.101   0.104   0.111   2.785   2.546   3.159   4.894   3.117   0.002
   2.211  68.355  61.889]

6th hidden state
mean = [ 56.466  50.847  44.045  52.867  46.917  39.831  97.546  86.953  72.186
  29.985  29.848  29.724  10.461   6.015   1.687  19.652  10.716   0.397
   7.523  -1.89   15.042]
var = [ 10.643   7.034   7.227   7.264   6.933   8.016   3.294   6.22   11.734
   0.191   0.213   0.242   2.519   2.095   1.44    6.414   3.729   0.775
   0.736  75.166  64.188]

7th hidden state
mean = [ 65.649  54.337  42.784  45.817  39.923  33.881  83.792  61.181  39.375
  30.159  30.077  29.984  12.911  11.131   8.223  16.791   9.005   0.
   2.703   1.076  -8.306]
var = [  7.26    5.074   5.166   5.59    4.896   5.541  10.948  10.773  11.559
   0.148   0.152   0.167   2.572   2.745   3.845   4.932   3.465   0.002
   2.392  72.831  68.011]

8th hidden state
mean = [ 61.89   54.187  44.383  50.854  43.113  35.525  88.627  68.64   47.761
  30.009  29.879  29.752  12.835  10.461   6.11   21.835  12.275   0.107
   5.02  -18.048 -26.843]
var = [ 13.109   7.937   7.869   7.896   7.557   8.154   8.087   9.222  12.284
   0.184   0.199   0.228   2.633   2.293   3.231   8.314   4.984   0.153
   2.427  69.751  63.942]

9th hidden state
mean = [ 36.987  31.885  26.266  32.787  27.321  20.772  94.171  82.292  68.312
  30.12   29.964  29.82   10.867   6.599   2.117  19.063  11.044   0.125
   6.919   6.211 -15.104]
var = [  6.607   5.624   6.847   6.064   5.957   7.87    5.432   7.925  12.135
   0.203   0.22    0.246   2.862   2.634   2.279   6.116   4.291   0.216
   1.705  71.32   68.167]

(22630, 22)
