(22133, 13)
Using PCA



LGA#######################
(22133, 13)

(22133, 2)
   MaxH    MeanH  MinH     MaxP    MeanP   MinP    MaxV    MeanV   MinV    MaxW    MeanW   Rain   Cloud 

fitting to HMM and decoding ... classes=2
Transition matrix
[[ 0.737  0.263]
 [ 0.457  0.543]]

n=1		0.63
n=2		0.63
n=3		0.51
n=4		0.50
n=7		0.52
n=14     0.37
naive:
[ 12.336  12.234  12.953   0.161   0.165   0.176   2.946   1.764   3.328   4.838   3.307   0.217   2.183]
[ 12.337  12.235  12.955   0.161   0.165   0.176   2.946   1.764   3.329   4.838   3.307   0.217   2.183]
[ 14.523  14.178  14.235   0.169   0.179   0.192   2.946   1.931   3.842   4.937   3.308   0.236   2.386]
[ 14.514  14.231  14.365   0.171   0.181   0.195   2.946   1.934   3.879   4.974   3.309   0.234   2.363]
[ 14.319  14.074  14.333   0.171   0.181   0.196   2.946   1.909   3.805   4.975   3.31    0.231   2.369]
[ 14.222  14.177  14.608   0.169   0.178   0.193   2.953   1.902   3.777   5.002   3.297   0.232   2.385]
[ 11.763  11.053  12.053   0.127   0.154   0.163   0.07    1.229   2.976   5.353   3.33    0.208   1.988]
   MaxH    MeanH  MinH     MaxP    MeanP   MinP    MaxV    MeanV   MinV    MaxW    MeanW   Rain   Cloud 

fitting to HMM and decoding ... classes=4
Transition matrix
[[ 0.633  0.072  0.141  0.155]
 [ 0.195  0.373  0.227  0.206]
 [ 0.491  0.137  0.285  0.087]
 [ 0.181  0.22   0.107  0.493]]

n=1		0.46
n=2		0.46
n=3		0.33
n=4		0.32
n=7		0.28
n=14     0.01
naive:
[ 11.986  11.257  11.747   0.158   0.164   0.177   4.115   2.212   3.066   4.956   3.618   0.166   2.257]
[ 11.852  11.553  12.253   0.158   0.164   0.177   3.468   2.231   3.097   4.903   3.555   0.215   2.167]
[ 14.813  14.304  14.14    0.169   0.181   0.197   3.468   2.467   3.819   5.111   3.61    0.233   2.426]
[ 14.968  14.579  14.504   0.172   0.185   0.201   3.468   2.494   3.881   5.116   3.594   0.23    2.407]
[ 14.972  14.449  14.379   0.175   0.186   0.202   3.613   2.489   3.757   5.085   3.609   0.22    2.406]
[ 12.97   13.119  14.256   0.167   0.178   0.207   3.998   2.619   3.975   5.083   3.551   0.22    2.725]
[ 11.763  11.053  12.053   0.127   0.154   0.163   0.07    1.229   2.976   5.353   3.33    0.208   1.988]
   MaxH    MeanH  MinH     MaxP    MeanP   MinP    MaxV    MeanV   MinV    MaxW    MeanW   Rain   Cloud 

fitting to HMM and decoding ... classes=6
Transition matrix
[[ 0.38   0.081  0.123  0.13   0.24   0.045]
 [ 0.046  0.575  0.076  0.038  0.187  0.078]
 [ 0.042  0.532  0.219  0.058  0.114  0.034]
 [ 0.073  0.31   0.291  0.189  0.076  0.06 ]
 [ 0.174  0.116  0.094  0.056  0.532  0.028]
 [ 0.184  0.201  0.061  0.145  0.118  0.292]]

n=1		0.37
n=2		0.37
n=3		0.23
n=4		0.22
n=7		0.09
n=14     0.00
naive:
[ 11.783  11.862  12.474   0.169   0.176   0.184   3.975   2.966   3.125   4.864   3.542   0.261   2.289]
[ 11.957  11.843  12.433   0.155   0.164   0.177   3.726   2.531   3.276   4.897   3.515   0.264   2.151]
[ 14.997  14.509  14.174   0.181   0.2     0.217   3.727   2.749   3.968   5.375   3.7     0.284   2.402]
[ 15.13   14.774  14.52    0.19    0.209   0.226   3.731   2.767   4.035   5.374   3.715   0.28    2.371]
[ 15.268  14.463  14.125   0.197   0.214   0.23    4.214   3.048   3.776   5.328   3.772   0.256   2.494]
[ 16.936  15.592  13.697   0.069   0.046   0.012   4.984   3.671   4.166   2.269   2.698   0.117   3.519]
[ 11.763  11.053  12.053   0.127   0.154   0.163   0.07    1.229   2.976   5.353   3.33    0.208   1.988]
   MaxH    MeanH  MinH     MaxP    MeanP   MinP    MaxV    MeanV   MinV    MaxW    MeanW   Rain   Cloud 

fitting to HMM and decoding ... classes=10
Transition matrix
[[ 0.437  0.189  0.02   0.052  0.016  0.014  0.16   0.03   0.018  0.064]
 [ 0.117  0.25   0.011  0.213  0.08   0.022  0.161  0.081  0.031  0.034]
 [ 0.022  0.     0.333  0.002  0.032  0.101  0.011  0.069  0.03   0.402]
 [ 0.01   0.065  0.064  0.287  0.182  0.066  0.061  0.176  0.054  0.036]
 [ 0.011  0.016  0.09   0.069  0.238  0.192  0.11   0.085  0.043  0.146]
 [ 0.012  0.006  0.07   0.043  0.168  0.356  0.128  0.049  0.023  0.145]
 [ 0.049  0.074  0.02   0.071  0.128  0.108  0.456  0.035  0.014  0.046]
 [ 0.04   0.005  0.348  0.009  0.034  0.069  0.035  0.145  0.072  0.242]
 [ 0.187  0.082  0.033  0.045  0.068  0.037  0.02   0.073  0.288  0.166]
 [ 0.21   0.039  0.042  0.006  0.054  0.075  0.113  0.034  0.048  0.378]]

n=1		0.25
n=2		0.27
n=3		0.16
n=4		0.12
n=7		0.01
n=14     0.00
naive:
[ 11.223  10.876  11.841   0.168   0.171   0.179   4.821   3.355   2.805   4.845   3.62    0.24    2.104]
[ 11.627  11.372  12.077   0.149   0.164   0.18    3.604   2.58    3.164   4.809   3.43    0.234   2.171]
[ 14.657  14.238  14.139   0.192   0.214   0.232   3.612   2.83    3.903   5.33    3.684   0.251   2.422]
[ 15.065  14.66   14.373   0.207   0.228   0.247   3.72    2.912   3.974   5.435   3.763   0.246   2.43 ]
[ 15.484  14.912  15.152   0.233   0.25    0.265   4.452   3.277   3.726   5.508   3.813   0.267   2.579]
[ nan  nan  nan  nan  nan  nan  nan  nan  nan  nan  nan  nan  nan]
[ 11.763  11.053  12.053   0.127   0.154   0.163   0.07    1.229   2.976   5.353   3.33    0.208   1.988]
(23461, 13)
Using PCA



SFO#######################
(23461, 13)

(23461, 2)
   MaxH    MeanH  MinH     MaxP    MeanP   MinP    MaxV    MeanV   MinV    MaxW    MeanW   Rain   Cloud 

fitting to HMM and decoding ... classes=2
Transition matrix
[[ 0.894  0.106]
 [ 0.382  0.618]]

n=1		0.71
n=2		0.71
n=3		0.60
n=4		0.57
n=7		0.54
n=14     0.41
naive:
[  5.736   7.49   10.092   0.113   0.109   0.112   4.247   1.184   2.567   5.523   3.647   0.182   1.786]
[  5.737   7.49   10.092   0.113   0.109   0.112   4.247   1.184   2.567   5.522   3.647   0.182   1.786]
[  5.899   7.853  10.668   0.113   0.111   0.114   4.247   1.184   2.667   5.539   3.659   0.189   1.99 ]
[  5.936   7.959  10.881   0.113   0.112   0.115   4.247   1.183   2.682   5.541   3.665   0.191   2.075]
[  5.971   8.076  11.103   0.113   0.111   0.115   4.247   1.183   2.703   5.542   3.665   0.196   2.143]
[  6.035   8.222  11.305   0.114   0.113   0.117   4.254   1.222   2.745   5.605   3.723   0.202   2.181]
[ 5.023  6.29   9.776  0.067  0.07   0.074  0.043  0.6    2.053  5.008
  3.049  0.076  1.591]
   MaxH    MeanH  MinH     MaxP    MeanP   MinP    MaxV    MeanV   MinV    MaxW    MeanW   Rain   Cloud 

fitting to HMM and decoding ... classes=4
Transition matrix
[[ 0.682  0.174  0.105  0.039]
 [ 0.115  0.606  0.147  0.132]
 [ 0.126  0.089  0.619  0.166]
 [ 0.009  0.076  0.06   0.855]]

n=1		0.66
n=2		0.65
n=3		0.53
n=4		0.50
n=7		0.46
n=14     0.15
naive:
[  5.708   7.535  10.286   0.103   0.099   0.103   4.584   1.566   2.656   5.144   3.302   0.242   1.917]
[  5.637   7.378  10.098   0.1     0.099   0.103   4.505   1.571   2.523   5.105   3.283   0.211   1.851]
[  6.144   8.429  11.463   0.109   0.108   0.112   4.505   1.593   2.707   5.25    3.437   0.22    2.089]
[  6.29    8.747  11.926   0.111   0.111   0.116   4.506   1.616   2.767   5.273   3.47    0.222   2.18 ]
[  6.287   8.902  12.197   0.11    0.109   0.115   4.528   1.626   2.816   5.283   3.493   0.235   2.251]
[  5.92    8.104  11.112   0.1     0.097   0.102   4.74    1.343   2.82 4.742   3.167   0.286   2.224]
[ 5.023  6.29   9.776  0.067  0.07   0.074  0.043  0.6    2.053  5.008
  3.049  0.076  1.591]
   MaxH    MeanH  MinH     MaxP    MeanP   MinP    MaxV    MeanV   MinV    MaxW    MeanW   Rain   Cloud 

fitting to HMM and decoding ... classes=6
Transition matrix
[[ 0.425  0.245  0.111  0.087  0.044  0.088]
 [ 0.153  0.688  0.038  0.011  0.072  0.038]
 [ 0.08   0.057  0.526  0.035  0.159  0.142]
 [ 0.183  0.052  0.247  0.353  0.068  0.097]
 [ 0.01   0.135  0.061  0.008  0.586  0.201]
 [ 0.018  0.009  0.051  0.008  0.065  0.849]]

n=1		0.47
n=2		0.47
n=3		0.34
n=4		0.31
n=7		0.15
n=14     0.01
  2.214  0.062  2.139]
[  5.436   7.301  10.294   0.095   0.102   0.111   4.162   1.721   2.514   5.339   3.325   0.3     1.917]
[  5.436   7.301  10.295   0.095   0.102   0.111   4.162   1.721   2.514   5.337   3.324   0.3     1.917]
[  6.091   8.567  11.881   0.11    0.118   0.128   4.164   1.752   2.719   5.619   3.574   0.309   2.172]
[  6.22    8.92   12.377   0.114   0.124   0.135   4.172   1.771   2.776   5.65    3.621   0.315   2.259]
[  5.998   8.67   12.247   0.102   0.109   0.117   4.229   1.811   2.506   5.273   3.342   0.236   2.284]
[ 5.32   5.955  7.94   0.074  0.076  0.082  3.857  1.239  1.788  3.802
naive:
[ 5.023  6.29   9.776  0.067  0.07   0.074  0.043  0.6    2.053  5.008
  3.049  0.076  1.591]
   MaxH    MeanH  MinH     MaxP    MeanP   MinP    MaxV    MeanV   MinV    MaxW    MeanW   Rain   Cloud 

fitting to HMM and decoding ... classes=10
Transition matrix
[[ 0.753  0.042  0.019  0.032  0.04   0.052  0.     0.004  0.057  0.001]
 [ 0.163  0.502  0.182  0.003  0.027  0.065  0.006  0.045  0.006  0.001]
 [ 0.056  0.114  0.56   0.006  0.028  0.086  0.003  0.081  0.013  0.053]
 [ 0.071  0.006  0.009  0.615  0.04   0.08   0.001  0.01   0.137  0.032]
 [ 0.189  0.023  0.021  0.013  0.426  0.03   0.003  0.149  0.112  0.034]
 [ 0.04   0.022  0.022  0.029  0.006  0.81   0.005  0.041  0.01   0.017]
 [ 0.     0.055  0.039  0.019  0.033  0.133  0.378  0.23   0.014  0.098]
 [ 0.018  0.032  0.062  0.004  0.052  0.18   0.025  0.519  0.035  0.073]
 [ 0.224  0.004  0.027  0.112  0.123  0.042  0.004  0.047  0.352  0.065]
 [ 0.007  0.     0.109  0.11   0.042  0.136  0.019  0.068  0.09   0.419]]

n=1		0.20
n=2		0.53
n=3		0.43
n=4		0.30
n=7		0.02
n=14     0.00
  3.178  0.205  2.   ]
[  5.499   7.243  10.638   0.102   0.103   0.108   4.695   1.732   2.613   5.388   3.386   0.231   2.63 ]
[  5.491   7.26   10.163   0.101   0.102   0.107   1.714   0.966   2.307   5.107   3.379   0.234   1.826]
[  5.866   7.894  10.913   0.106   0.11    0.116   1.716   0.993   2.501   5.201   3.457   0.237   1.999]
[  5.599   7.507  10.556   0.107   0.11    0.115   1.524   0.966   2.291   5.163   3.407   0.217   1.917]
[  5.271   7.854  11.854   0.121   0.133   0.145   1.815   1.609   2.945   6.376   3.739   0.266   2.102]
[ 1.5    3.5    5.     0.065  0.1    0.11   2.055  0.985  3.801  8.833
naive:
[ 5.023  6.29   9.776  0.067  0.07   0.074  0.043  0.6    2.053  5.008
  3.049  0.076  1.591]
(22998, 13)
Using PCA



MDW#######################
(22998, 13)

(22998, 2)
   MaxH    MeanH  MinH     MaxP    MeanP   MinP    MaxV    MeanV   MinV    MaxW    MeanW   Rain   Cloud 

fitting to HMM and decoding ... classes=2
Transition matrix
[[ 0.763  0.237]
 [ 0.549  0.451]]

n=1		0.66
n=2		0.66
n=3		0.54
n=4		0.51
n=7		0.51
n=14     0.39
naive:
[  8.346  10.024  12.461   0.161   0.163   0.17    2.327   1.286   3.394   4.422   2.915   0.246   2.165]
[  8.347  10.025  12.462   0.161   0.163   0.17    2.327   1.285   3.394   4.422   2.915   0.246   2.165]
[  9.466  11.292  13.344   0.168   0.174   0.184   2.327   1.5     3.723   4.566   2.975   0.263   2.316]
[  9.655  11.631  13.685   0.17    0.176   0.187   2.327   1.539   3.791   4.585   2.989   0.264   2.333]
[  9.76   11.707  13.742   0.169   0.176   0.186   2.327   1.518   3.772   4.575   2.973   0.262   2.318]
[  9.829  11.869  13.876   0.17    0.177   0.188   2.33    1.512   3.765   4.593   2.996   0.265   2.35 ]
[  8.611   9.343  11.267   0.12    0.141   0.147   0.145   1.238   2.943   5.027   3.239   0.143   1.946]
   MaxH    MeanH  MinH     MaxP    MeanP   MinP    MaxV    MeanV   MinV    MaxW    MeanW   Rain   Cloud 

fitting to HMM and decoding ... classes=4
Transition matrix
[[ 0.061  0.239  0.553  0.146]
 [ 0.02   0.25   0.575  0.155]
 [ 0.011  0.141  0.741  0.107]
 [ 0.021  0.137  0.376  0.466]]

n=1		0.51
n=2		0.46
n=3		0.35
n=4		0.33
n=7		0.26
n=14     0.02
naive:
[  8.315   9.786  11.996   0.17    0.181   0.211   3.434   1.307   3.253   7.853   3.248   1.878   2.345]
[  8.211   9.658  11.836   0.165   0.173   0.198   3.03    1.304   3.33 7.004   3.194   1.491   2.169]
[  9.484  11.195  12.969   0.176   0.191   0.223   3.03    1.527   3.739   7.404   3.342   1.511   2.345]
[  9.798  11.666  13.371   0.179   0.196   0.23    3.034   1.577   3.828   7.482   3.404   1.512   2.374]
[ 10.014  11.77   13.262   0.176   0.193   0.229   3.147   1.5     3.774   7.545   3.425   1.551   2.387]
[ 10.152  11.271  12.227   0.149   0.157   0.182   3.276   1.158   3.3  6.431   3.26    1.128   2.339]
[  8.611   9.343  11.267   0.12    0.141   0.147   0.145   1.238   2.943   5.027   3.239   0.143   1.946]
   MaxH    MeanH  MinH     MaxP    MeanP   MinP    MaxV    MeanV   MinV    MaxW    MeanW   Rain   Cloud 

fitting to HMM and decoding ... classes=6
Transition matrix
[[ 0.665  0.02   0.107  0.157  0.051  0.   ]
 [ 0.445  0.111  0.149  0.192  0.103  0.   ]
 [ 0.209  0.017  0.507  0.099  0.168  0.   ]
 [ 0.418  0.036  0.163  0.24   0.142  0.   ]
 [ 0.145  0.042  0.302  0.138  0.374  0.   ]
 [ 1.     0.     0.     0.     0.     0.   ]]

n=1		0.43
n=2		0.42
n=3		0.30
n=4		0.27
n=7		0.17
n=14     0.00
naive:
[  8.644  10.139  11.911   0.165   0.172   0.187   3.259   1.931   3.098   5.45    3.16    0.39    2.468]
[  8.075   9.442  11.542   0.161   0.169   0.184   2.979   1.657   3.181   5.536   3.207   0.403   2.229]
[  9.752  11.508  13.153   0.176   0.19    0.213   2.98    1.901   3.707   5.974   3.414   0.42    2.419]
[ 10.186  12.131  13.689   0.178   0.194   0.218   2.983   1.949   3.817   6.031   3.451   0.42    2.448]
[ 10.804  12.355  13.456   0.172   0.187   0.209   3.329   1.839   3.694   5.877   3.389   0.402   2.482]
[ 12.795  13.118  13.676   0.134   0.143   0.156   3.711   1.7     3.578   6.116   2.722   0.263   2.665]
[  8.611   9.343  11.267   0.12    0.141   0.147   0.145   1.238   2.943   5.027   3.239   0.143   1.946]
   MaxH    MeanH  MinH     MaxP    MeanP   MinP    MaxV    MeanV   MinV    MaxW    MeanW   Rain   Cloud 

fitting to HMM and decoding ... classes=10
Transition matrix
[[ 0.356  0.039  0.048  0.065  0.118  0.006  0.     0.061  0.062  0.244]
 [ 0.035  0.368  0.088  0.014  0.072  0.002  0.     0.073  0.026  0.323]
 [ 0.067  0.096  0.172  0.137  0.069  0.007  0.     0.09   0.122  0.24 ]
 [ 0.112  0.007  0.109  0.442  0.065  0.014  0.     0.084  0.097  0.07 ]
 [ 0.138  0.133  0.067  0.037  0.19   0.011  0.     0.1    0.044  0.281]
 [ 0.115  0.     0.067  0.159  0.136  0.251  0.     0.051  0.092  0.129]
 [ 1.     0.     0.     0.     0.     0.     0.     0.     0.     0.   ]
 [ 0.165  0.046  0.088  0.172  0.097  0.01   0.     0.265  0.05   0.108]
 [ 0.096  0.039  0.081  0.086  0.042  0.005  0.     0.016  0.447  0.19 ]
 [ 0.059  0.09   0.065  0.02   0.1    0.002  0.     0.029  0.025  0.609]]

n=1		0.30
n=2		0.38
n=3		0.28
n=4		0.26
n=7		0.07
n=14     0.00
naive:
[  8.6    10.336  12.384   0.152   0.157   0.167   4.471   2.28    3.31 4.835   3.071   2.24    2.142]
[  8.333   9.985  12.173   0.152   0.157   0.166   2.529   1.862   3.311   4.535   2.951   0.938   2.114]
[  9.576  11.52   13.489   0.168   0.178   0.191   2.532   2.054   3.684   4.756   3.085   0.949   2.277]
[  9.832  11.911  13.881   0.173   0.182   0.196   2.535   2.09    3.731   4.834   3.127   0.953   2.289]
[ 10.289  12.281  14.04    0.163   0.167   0.176   3.121   2.121   3.616   4.648   2.972   1.451   2.244]
[  7.274  15.     18.      0.091   0.085   0.1     5.735   2.604   4.5    12. 2.      3.226   3.5  ]
[  8.611   9.343  11.267   0.12    0.141   0.147   0.145   1.238   2.943   5.027   3.239   0.143   1.946]
(22630, 13)
Using PCA



ORD#######################
(22630, 13)

(22630, 2)
   MaxH    MeanH  MinH     MaxP    MeanP   MinP    MaxV    MeanV   MinV    MaxW    MeanW   Rain   Cloud 

fitting to HMM and decoding ... classes=2
Transition matrix
[[ 0.776  0.224]
 [ 0.436  0.564]]

n=1		0.66
n=2		0.66
n=3		0.54
n=4		0.53
n=7		0.52
n=14     0.37
naive:
[  7.824   9.418  12.174   0.155   0.161   0.17    2.091   1.568   3.265   4.638   2.984   0.161   1.979]
[  7.824   9.419  12.175   0.155   0.161   0.17    2.091   1.568   3.264   4.638   2.984   0.161   1.979]
[  8.394  10.49   13.362   0.163   0.173   0.184   2.091   1.77    3.659   4.755   3.045   0.172   2.226]
[  8.513  10.742  13.68    0.165   0.175   0.188   2.091   1.807   3.719   4.748   3.049   0.172   2.244]
[  8.555  10.821  13.797   0.164   0.174   0.187   2.09    1.764   3.661   4.761   3.056   0.17    2.234]
[  8.569  10.846  13.814   0.165   0.177   0.189   2.081   1.786   3.635   4.76    3.043   0.174   2.257]
[  7.733   8.602  11.298   0.122   0.143   0.148   0.138   1.293   3.029   5.195   3.212   0.148   1.909]
   MaxH    MeanH  MinH     MaxP    MeanP   MinP    MaxV    MeanV   MinV    MaxW    MeanW   Rain   Cloud 

fitting to HMM and decoding ... classes=4
Transition matrix
[[ 0.411  0.136  0.221  0.232]
 [ 0.046  0.662  0.121  0.17 ]
 [ 0.135  0.214  0.563  0.088]
 [ 0.151  0.405  0.11   0.334]]

n=1		0.47
n=2		0.47
n=3		0.37
n=4		0.35
n=7		0.28
n=14     0.01
naive:
[  8.044   9.163  11.886   0.153   0.157   0.166   2.66    1.749   3.085   4.739   3.126   0.129   2.07 ]
[  7.677   8.961  11.635   0.154   0.159   0.168   2.298   1.803   3.065   4.706   3.101   0.16    2.006]
[  8.67   10.612  13.276   0.164   0.174   0.186   2.298   2.046   3.637   4.848   3.18    0.173   2.281]
[  8.946  11.15   13.912   0.167   0.177   0.19    2.297   2.118   3.771   4.83    3.18    0.173   2.326]
[  9.169  11.377  14.01    0.164   0.174   0.185   2.377   2.07    3.725   4.853   3.163   0.169   2.332]
[ 10.649  10.936  12.259   0.176   0.17    0.168   2.823   1.924   3.212   4.618   3.162   0.12    2.501]
[  7.733   8.602  11.298   0.122   0.143   0.148   0.138   1.293   3.029   5.195   3.212   0.148   1.909]
   MaxH    MeanH  MinH     MaxP    MeanP   MinP    MaxV    MeanV   MinV    MaxW    MeanW   Rain   Cloud 

fitting to HMM and decoding ... classes=6
Transition matrix
[[ 0.373  0.16   0.153  0.091  0.161  0.061]
 [ 0.16   0.309  0.053  0.231  0.105  0.142]
 [ 0.161  0.052  0.476  0.133  0.086  0.092]
 [ 0.047  0.139  0.067  0.559  0.114  0.073]
 [ 0.074  0.119  0.047  0.269  0.383  0.107]
 [ 0.044  0.12   0.102  0.149  0.048  0.537]]

n=1		0.39
n=2		0.39
n=3		0.28
n=4		0.25
n=7		0.12
n=14     0.00
  1.339  0.166  2.079]
[  7.697   9.035  11.793   0.146   0.156   0.166   2.327   1.778   3.113   4.701   3.05    0.169   2.   ]
[  7.697   9.036  11.793   0.146   0.156   0.166   2.327   1.778   3.113   4.701   3.049   0.169   2.001]
[  8.617  10.552  13.28    0.174   0.188   0.2     2.326   2.033   3.659   4.947   3.206   0.184   2.272]
[  8.861  11.04   13.82    0.181   0.196   0.209   2.328   2.087   3.771   4.956   3.23    0.183   2.31 ]
[  8.715  10.584  13.36    0.184   0.196   0.207   2.369   1.937   3.641   4.908   3.09    0.184   2.285]
[ 1.349  0.461  1.202  0.002  0.065  0.12   2.408  0.325  5.102  4.046
naive:
[  7.733   8.602  11.298   0.122   0.143   0.148   0.138   1.293   3.029   5.195   3.212   0.148   1.909]
   MaxH    MeanH  MinH     MaxP    MeanP   MinP    MaxV    MeanV   MinV    MaxW    MeanW   Rain   Cloud 

fitting to HMM and decoding ... classes=10
Transition matrix
[[ 0.289  0.025  0.111  0.207  0.027  0.115  0.148  0.039  0.039  0.001]
 [ 0.014  0.522  0.024  0.008  0.107  0.051  0.062  0.079  0.044  0.088]
 [ 0.109  0.073  0.205  0.045  0.02   0.077  0.329  0.037  0.055  0.05 ]
 [ 0.106  0.03   0.093  0.326  0.029  0.079  0.015  0.103  0.19   0.03 ]
 [ 0.033  0.266  0.024  0.04   0.274  0.03   0.077  0.086  0.097  0.072]
 [ 0.053  0.083  0.04   0.085  0.033  0.459  0.058  0.135  0.042  0.012]
 [ 0.106  0.144  0.105  0.016  0.038  0.083  0.472  0.005  0.007  0.025]
 [ 0.013  0.224  0.038  0.052  0.053  0.063  0.008  0.341  0.113  0.096]
 [ 0.022  0.113  0.107  0.081  0.077  0.018  0.033  0.15   0.253  0.146]
 [ 0.     0.25   0.045  0.012  0.092  0.01   0.055  0.088  0.106  0.341]]

n=1		0.32
n=2		0.31
n=3		0.20
n=4		0.16
n=7		0.02
n=14     0.00
naive:
[  7.738   9.002  11.507   0.144   0.157   0.168   2.542   2.013   3.034   4.702   3.024   0.169   2.106]
[  7.64    8.871  11.349   0.138   0.151   0.164   2.453   1.899   3.057   4.742   3.094   0.166   2.028]
[  8.749  10.571  13.174   0.177   0.194   0.207   2.461   2.149   3.633   5.051   3.29    0.18    2.325]
[  8.996  11.057  13.703   0.187   0.205   0.219   2.5     2.206   3.757   5.089   3.315   0.181   2.36 ]
[  8.859  10.026  11.779   0.17    0.184   0.195   2.882   1.918   3.489   5.116   3.125   0.178   2.284]
[ nan  nan  nan  nan  nan  nan  nan  nan  nan  nan  nan  nan  nan]
[  7.733   8.602  11.298   0.122   0.143   0.148   0.138   1.293   3.029   5.195   3.212   0.148   1.909]
