(22133, 20)
['Max TemperatureF' 'Mean TemperatureF' 'Min TemperatureF' 'Max Dew PointF'
 'MeanDew PointF' 'Min DewpointF' 'Max Humidity' ' Mean Humidity'
 ' Min Humidity' ' Max Sea Level PressureIn' ' Mean Sea Level PressureIn'
 ' Min Sea Level PressureIn' ' Max VisibilityMiles' ' Mean VisibilityMiles'
 ' Min VisibilityMiles' ' Max Wind SpeedMPH' ' Mean Wind SpeedMPH'
 'PrecipitationIn' ' CloudCover' ' WindDirDegrees']
[  87.     80.     73.     69.     62.     56.     87.     56.     36.    30.09   30.01   29.98   15.     13.      3.     18.     10.      0.    0.    300.  ]
Using PCA
fitting to HMM and decoding ...
done
Transition matrix
[[ 0.913  0.087]
 [ 0.073  0.927]]

Means and vars of each hidden state
0th hidden state
mean = [ 77.949  70.709  63.381  62.416  57.507  52.048  83.342  66.308  48.048   30.081  30.001  29.924  12.318   9.266   5.749  17.975   9.758   0.156    3.674  -0.617  -0.955]
std  = [  9.279   8.354   8.167   7.39    8.006   9.298  11.69   13.109  15.184    0.153   0.164   0.179   3.473   3.244   3.924   4.794   2.992   0.643   2.866   7.103   7.24 ]

1th hidden state
mean = [ 48.084  41.9    35.482  33.833  26.862  20.202  74.455  58.019  42.297   30.19   30.06   29.93   13.808  11.034   7.546  21.211  12.913   0.08     3.276   4.053  -4.963]
std  = [ 12.243  11.137  10.631  12.313  11.809  12.03   15.449  14.02   13.957    0.242   0.26    0.281   3.859   3.722   4.686   6.446   4.477   0.222   2.894   7.81    9.205]

(22133, 22)
Using PCA
fitting to HMM and decoding ...
done
Transition matrix
[[ 0.521  0.054  0.425]
 [ 0.047  0.877  0.076]
 [ 0.237  0.066  0.697]]

Means and vars of each hidden state
0th hidden state
mean = [ 52.342  46.591  40.574  44.746  37.694  29.819  90.448  73.54   55.243   30.109  29.951  29.803  12.76    8.431   3.543  21.753  12.242   0.366    5.434   2.566   0.046]
std  = [ 12.354  11.443  11.309  12.149  12.888  14.47    9.792  13.099  16.753    0.239   0.257   0.282   3.803   3.469   3.625   6.992   4.407   0.873   2.895   8.564   9.452]

1th hidden state
mean = [ 81.449  74.096  66.683  65.19   60.559  55.363  83.229  65.801  47.23    30.07   30.     29.93   12.114   9.117   5.67   17.441   9.344   0.077    3.507  -1.236  -1.431]
std  = [  7.116   6.227   6.139   5.706   6.26    7.554  10.87   11.675  13.38     0.14    0.146   0.154   3.345   2.899   3.539   4.268   2.613   0.189     2.735   6.682   6.776]

2th hidden state
mean = [ 51.64   44.988  38.14   33.777  27.238  21.418  67.995  51.965  37.219   30.212  30.107  29.995  14.133  12.124   9.372  20.374  12.699   0.     2.289   4.024  -6.279]
std  = [ 14.879  13.666  12.887  13.527  13.221  13.468  11.902   9.149   9.575    0.222   0.229   0.24    3.794   3.319   3.944   5.909   4.387   0.001   2.322   7.461   8.32 ]

(22133, 22)
Using PCA
fitting to HMM and decoding ...
done
Transition matrix
[[ 0.809  0.     0.044  0.147]
 [ 0.     0.764  0.148  0.088]
 [ 0.043  0.229  0.474  0.253]
 [ 0.126  0.039  0.186  0.648]]

Means and vars of each hidden state
0th hidden state
mean = [ 83.222  75.975  68.673  67.479  63.13   58.113  84.801  67.564  48.967   30.048  29.98   29.912  11.654   8.535   4.99   17.584   9.285   0.1    3.759  -1.966  -1.663]
std  = [  6.551   5.492   5.231   4.426   4.941   6.341  10.045  11.108  13.095    0.13    0.137   0.145   3.07    2.512   3.161   4.388   2.556   0.226   2.731   6.462   6.66 ]

1th hidden state
mean = [ 39.052  33.315  27.325  23.921  16.712  10.367  67.789  52.264  38.634   30.231  30.103  29.967  14.466  12.07    8.716  22.103  14.262   0.025    2.62    5.777  -8.256]
std  = [  8.838   8.254   8.343   9.428   8.386   8.769  13.467   9.53    9.188    0.249   0.26    0.276   3.848   3.513   4.602   6.49    4.648   0.09    2.535   7.299   8.379]

2th hidden state
mean = [ 55.764  50.062  44.079  48.821  42.278  34.596  92.648  76.909  58.552   30.081  29.924  29.781  12.333   7.891   3.147  21.67   11.975   0.42     5.807   1.919   1.136]
std  = [ 11.105  10.022   9.842  10.016  10.244  12.051   7.43   11.641  16.648    0.229   0.246   0.273   3.626   3.137   3.059   7.017   4.23    0.948   2.784   8.613   9.063]

3th hidden state
mean = [ 66.36   58.8    51.121  47.39   41.286  35.496  72.874  55.025  37.889   30.179  30.092  30.001  13.76   11.627   8.844  18.322  10.683   0.     2.367   1.973  -2.99 ]
std  = [ 10.458   9.468   9.067   9.601   9.496  10.042  11.905  10.263  10.674    0.183   0.19    0.2     3.753   3.289   3.857   4.728   3.436   0.001   2.359   7.215   7.814]

(22133, 22)
Using PCA
fitting to HMM and decoding ...
done
Transition matrix
[[ 0.689  0.     0.236  0.042  0.032]
 [ 0.     0.71   0.     0.163  0.127]
 [ 0.389  0.     0.537  0.025  0.049]
 [ 0.067  0.08   0.004  0.603  0.246]
 [ 0.034  0.128  0.03   0.339  0.469]]

Means and vars of each hidden state
0th hidden state
mean = [ 80.154  72.29   64.368  61.112  55.937  50.524  77.485  59.097  40.619   30.112  30.043  29.973  12.845  10.43    7.532  17.131   9.46    0.     2.426   0.055  -2.141]
std  = [  7.69    7.173   7.271   6.746   7.111   8.025  10.704   9.37    9.802    0.149   0.154   0.161   3.561   3.138   3.711   3.853   2.818   0.001   2.308   6.761   6.866]

1th hidden state
mean = [ 34.76   28.978  22.947  19.974  12.375   5.706  66.997  51.504  38.11    30.258  30.124  29.982  14.757  12.274   8.715  22.861  15.014   0.04     2.534   6.917  -8.698]
std  = [  7.606   7.04    7.207   9.034   7.339   7.296  14.059   9.644   8.741    0.255   0.267   0.284   3.853   3.671   5.009   6.63    4.769   0.129   2.537   7.067   8.644]

2th hidden state
mean = [ 79.291  72.799  66.216  67.579  63.45   58.437  90.837  75.48   57.427   30.027  29.946  29.87   11.487   7.699   3.369  18.695   9.8     0.279    5.206  -2.123   0.052]
std  = [  7.861   6.587   6.179   5.159   5.739   7.49    7.511  10.251  14.179    0.134   0.142   0.154   3.109   2.542   2.675   5.349   2.802   0.464   2.644   7.003   7.095]

3th hidden state
mean = [ 54.864  48.15   41.253  36.982  30.614  24.849  69.89   53.265  37.816   30.196  30.093  29.985  13.791  11.694   8.979  19.618  11.879   0.     2.515   2.927  -5.271]
std  = [  9.512   8.024   7.21    8.067   7.305   7.761  11.973   9.883  10.578    0.213   0.222   0.234   3.762   3.236   3.78    5.411   3.86    0.001   2.427   7.36    8.093]

4th hidden state
mean = [ 54.025  48.228  42.136  46.779  39.832  31.86   91.74   75.185  56.579   30.093  29.93   29.783  12.547   8.204   3.468  21.753  12.101   0.364    5.593   2.178   0.55 ]
std  = [ 10.031   8.666   8.322   8.808   8.604  10.211   8.171  12.192  16.719    0.232   0.252   0.281   3.711   3.259   3.244   7.058   4.313   0.932   2.861   8.587   9.287]

(22133, 22)
Using PCA
fitting to HMM and decoding ...
done
Transition matrix
[[ 0.597  0.051  0.001  0.204  0.077  0.07 ]
 [ 0.094  0.637  0.     0.005  0.     0.264]
 [ 0.012  0.     0.593  0.062  0.334  0.   ]
 [ 0.282  0.035  0.04   0.465  0.091  0.087]
 [ 0.049  0.     0.229  0.071  0.651  0.   ]
 [ 0.085  0.369  0.     0.061  0.     0.484]]

Means and vars of each hidden state
0th hidden state
mean = [ 61.637  54.224  46.662  42.838  36.402  30.461  71.685  53.847  37.11    30.193  30.098  30.     13.738  11.675   8.947  18.973  11.182   0.     2.414   2.244  -3.774]
std  = [  7.886   6.589   6.095   7.119   6.537   7.179  11.91   10.165  10.761    0.197   0.205   0.216   3.754   3.262   3.852   5.06    3.613   0.002   2.391   7.347   8.052]

1th hidden state
mean = [ 38.959  33.158  27.131  22.06   15.433   9.783  63.324  49.577  37.218   30.247  30.13   30.002  14.411  12.505   9.797  21.983  14.452   0.     2.189   5.863  -9.164]
std  = [  8.71    8.182   8.257   8.735   8.038   8.554  10.307   7.647   8.416    0.241   0.247   0.259   3.798   3.272   3.92    6.297   4.599   0.002   2.242   7.209   7.725]

2th hidden state
mean = [ 83.458  76.587  69.683  70.109  66.336  61.744  89.523  73.521  55.223   30.026  29.954  29.885  11.089   7.509   3.505  18.27    9.475   0.212    4.621  -3.187  -1.157]
std  = [  6.31    4.996   4.576   3.398   3.826   5.388   7.291   9.273  12.472    0.122   0.129   0.14    2.796   2.12    2.398   4.979   2.535   0.389   2.705   6.357   6.655]

3th hidden state
mean = [ 64.404  58.274  51.907  55.939  50.034  43.025  92.154  76.722  58.421   30.064  29.938  29.823  12.295   8.143   3.569  20.419  11.21    0.398    5.604   0.193   1.495]
std  = [  7.724   6.628   6.729   6.056   6.441   8.562   7.785  11.922  17.101    0.196   0.216   0.243   3.619   3.237   3.321   6.552   3.92    1.088   2.788   8.236   8.421]

4th hidden state
mean = [ 81.216  73.344  65.409  61.723  56.518  51.072  76.604  58.215  39.802   30.107  30.04   29.971  12.961  10.607   7.738  17.002   9.37    0.     2.386   0.276  -2.121]
std  = [  6.477   5.889   5.993   5.48    5.547   6.425  10.566   8.946   9.266    0.143   0.149   0.155   3.561   3.029   3.585   3.783   2.763   0.002   2.26    6.692   6.789]

5th hidden state
mean = [ 44.179  38.702  32.913  36.517  28.668  20.362  88.117  69.579  51.203   30.14   29.967  29.804  13.365   9.033   4.021  22.129  12.764   0.228    4.998   4.509  -1.715]
std  = [  9.023   7.857   7.782   9.085   8.682  10.12   10.846  12.796  15.1    0.26    0.278   0.302   3.911   3.628   3.976   7.069   4.508   0.335   3.01    7.978   9.815]

(22133, 22)
Using PCA
fitting to HMM and decoding ...
done
Transition matrix
[[ 0.572  0.001  0.207  0.001  0.017  0.185  0.018  0.     0.     0.   ]
 [ 0.     0.444  0.001  0.253  0.037  0.018  0.064  0.007  0.069  0.106]
 [ 0.354  0.     0.381  0.     0.113  0.111  0.041  0.     0.     0.   ]
 [ 0.     0.175  0.     0.561  0.038  0.054  0.071  0.002  0.002  0.097]
 [ 0.044  0.07   0.098  0.048  0.306  0.18   0.252  0.     0.     0.002]
 [ 0.098  0.004  0.066  0.09   0.083  0.493  0.166  0.     0.     0.   ]
 [ 0.071  0.033  0.042  0.115  0.155  0.341  0.244  0.     0.     0.   ]
 [ 0.     0.024  0.     0.008  0.001  0.     0.     0.544  0.18   0.244]
 [ 0.     0.097  0.     0.019  0.001  0.     0.001  0.181  0.485  0.217]
 [ 0.     0.072  0.     0.062  0.001  0.     0.001  0.146  0.139  0.579]]

Means and vars of each hidden state
0th hidden state
mean = [ 34.153  28.342  22.303  17.126  10.315   4.661  61.143  48.041  36.414   30.275  30.155  30.024  14.623  12.879  10.201  22.906  15.414   0.     1.936   7.129 -10.157]
std  = [ 7.196  6.716  6.891  7.656  6.421  6.869  9.499  6.909  7.792  0.247    0.252  0.263  3.809  3.27   3.971  6.472  4.673  0.002  2.106  6.869    7.633]

1th hidden state
mean = [ 69.712  63.292  56.704  59.509  54.196  47.771  91.146  75.088  56.233   30.072  29.972  29.879  12.539   8.59    4.082  18.93   10.367   0.196    5.154  -0.183   1.173]
std  = [  6.092   4.654   4.6     4.297   4.307   6.609   7.736  11.063  15.874    0.18    0.194   0.21    3.647   3.195   3.437   5.548   3.333   0.295   2.858   7.664   7.645]

2th hidden state
mean = [ 37.721  32.372  26.604  30.039  21.335  12.128  85.639  65.658  46.927   30.189  30.01   29.836  14.229   9.557   3.994  22.462  13.361   0.246    4.639   6.199  -2.719]
std  = [  7.905   6.615   6.886   8.142   7.334   8.464  12.078  11.879  12.39     0.275   0.295   0.316   4.004   4.018   4.664   7.234   4.717   0.471     2.99    7.563   9.886]

3th hidden state
mean = [ 67.153  59.285  51.304  47.515  41.12   35.146  72.428  53.933  36.356   30.18   30.093  30.003  13.939  11.915   9.135  18.603  10.818   0.     2.241   2.072  -2.931]
std  = [  6.085   4.872   4.697   5.873   5.526   6.463  11.545   9.778  10.238    0.184   0.192   0.201   3.783   3.382   4.005   4.748   3.447   0.002   2.301   7.288   7.932]

4th hidden state
mean = [ 51.932  46.632  41.113  47.861  42.18   35.146  96.354  85.275  69.43    30.104  29.918  29.749  10.932   5.974   1.626  22.165  12.273   0.661    6.69    2.219   4.965]
std  = [  7.663   6.433   6.396   7.101   6.407   7.754   4.082   7.173  13.098    0.234   0.26    0.298   2.741   1.953   1.43    7.517   4.689   1.446   2.505   9.002   7.874]

5th hidden state
mean = [ 49.647  43.457  37.07   32.152  25.968  20.454  67.839  52.313  38.007   30.203  30.095  29.98   13.784  11.709   9.084  20.002  12.414   0.     2.547   3.389  -6.539]
std  = [  6.64    5.259   4.74    5.408   4.483   5.402  11.248   9.11    9.922    0.221   0.23    0.243   3.742   3.17    3.658   5.54    4.003   0.002   2.409   7.338   7.878]

6th hidden state
mean = [ 55.142  48.831  42.193  45.076  36.939  28.678  86.959  66.155  46.394   30.091  29.947  29.816  13.566  10.111   5.402  21.405  11.926   0.093    4.47    1.472  -3.774]
std  = [  6.339   4.983   4.831   6.183   4.88    6.437   8.991   8.908  11.508    0.23    0.248   0.266   3.753   2.663   3.198   6.67    4.038   0.142   2.868   7.94    8.892]

7th hidden state
mean = [ 89.237  81.369  73.404  70.178  65.972  60.885  80.883  62.364  43.25    30.01   29.947  29.884  11.158   8.378   5.371  18.074   9.457   0.025    3.096  -2.666  -4.95 ]
std  = [ 4.493  3.603  3.63   3.093  3.591  5.204  9.073  7.721  8.453  0.116    0.12   0.127  2.801  2.086  2.691  4.286  2.463  0.066  2.34   5.933    5.357]

8th hidden state
mean = [ 80.393  74.124  67.863  69.746  66.269  62.088  92.95   78.932  61.73    30.043  29.968  29.897  10.944   7.052   2.697  18.188   9.387   0.364    5.323  -3.076   1.32 ]
std  = [  5.18    3.922   3.862   3.245   3.38    4.618   4.993   6.979  11.01     0.128   0.14    0.154   2.607   1.952   2.029   5.312   2.632   0.595     2.677   6.627   6.318]

9th hidden state
mean = [ 80.905  73.023  65.101  61.181  55.811  50.325  75.81   57.232  38.873   30.116  30.048  29.98   13.304  11.021   8.171  16.884   9.37    0.     2.27    0.709  -1.795]
std  = [  4.698   3.993   4.253   4.524   4.323   5.271  10.347   8.351   8.597    0.135   0.142   0.15    3.64    3.008   3.518   3.774   2.758   0.002   2.174   6.745   6.795]

(22133, 22)
(23461, 20)
['Max TemperatureF' 'Mean TemperatureF' 'Min TemperatureF' 'Max Dew PointF'
 'MeanDew PointF' 'Min DewpointF' 'Max Humidity' ' Mean Humidity'
 ' Min Humidity' ' Max Sea Level PressureIn' ' Mean Sea Level PressureIn'
 ' Min Sea Level PressureIn' ' Max VisibilityMiles' ' Mean VisibilityMiles'
 ' Min VisibilityMiles' ' Max Wind SpeedMPH' ' Mean Wind SpeedMPH'
 'PrecipitationIn' ' CloudCover' ' WindDirDegrees']
[  55.     50.     46.     53.     48.     42.     96.     87.     80.    30.2    30.14   30.1    20.      8.      2.     16.      7.      0.    0.    124.  ]
Using PCA
fitting to HMM and decoding ...
done
Transition matrix
[[ 0.93   0.07 ]
 [ 0.085  0.915]]

Means and vars of each hidden state
0th hidden state
mean = [ 60.52   53.475  46.226  48.076  43.761  38.995  89.118  72.981  53.344   30.162  30.099  30.037  13.866  10.518   7.127  18.92    8.832   0.042    2.644   0.807  -5.09 ]
std  = [  7.725   5.606   5.108   5.189   5.722   7.037   8.951  11.984  15.843    0.134   0.138   0.147   4.315   3.183   3.941   7.477   4.716   0.123   2.753   4.876   7.065]

1th hidden state
mean = [ 69.973  62.156  54.314  55.158  52.264  49.488  90.146  74.855  54.798   30.004  29.957  29.908  14.073  10.779   7.679  22.783  11.284   0.109    2.55    1.928  -9.198]
std  = [  6.705   4.132   3.074   3.166   2.755   3.466   5.86    7.527  11.369    0.081   0.083   0.091   4.225   2.231   2.911   4.936   3.472   3.129   2.583   5.408   4.672]

(23461, 22)
Using PCA
fitting to HMM and decoding ...
done
Transition matrix
[[ 0.631  0.355  0.014]
 [ 0.103  0.85   0.046]
 [ 0.016  0.175  0.809]]

Means and vars of each hidden state
0th hidden state
mean = [ 59.037  53.898  48.441  50.976  47.021  42.606  92.708  79.364  62.668   30.096  30.015  29.936  14.348  10.271   5.377  20.882   9.885   0.26     4.884  -2.632  -3.767]
std  = [  7.191   5.249   4.982   4.793   5.094   6.084   6.364   9.307  13.903    0.144   0.156   0.175   4.382   3.211   3.906   7.989   4.545   0.394   2.795   6.512   7.406]

1th hidden state
mean = [ 64.99   56.963  48.838  50.131  46.162  41.978  88.244  71.499  50.774   30.115  30.063  30.01   13.761  10.661   7.79   20.078   9.565   0.     1.945   1.979  -7.066]
std  = [  8.959   6.838   5.999   5.863   6.398   7.851   8.382  10.783  14.234    0.139   0.134   0.134   4.225   2.831   3.449   6.869   4.629   0.001   2.345   4.259   6.398]

2th hidden state
mean = [ 70.31   62.827  55.338  55.876  53.617  51.536  91.181  76.502  56.62    29.993  29.952  29.908  14.28   10.942   8.015  22.612  11.399   0.138    2.566   3.142  -9.967]
std  = [ 3.832  2.406  2.253  2.271  1.87   2.127  4.606  4.809  6.999  0.062    0.061  0.064  4.298  2.038  2.421  3.629  2.485  5.074  2.325  4.317    2.875]

(23461, 22)
Using PCA
fitting to HMM and decoding ...
done
Transition matrix
[[ 0.539  0.074  0.014  0.372]
 [ 0.017  0.623  0.279  0.081]
 [ 0.009  0.166  0.783  0.043]
 [ 0.037  0.05   0.027  0.886]]

Means and vars of each hidden state
0th hidden state
mean = [ 82.878  69.363  55.814  56.026  49.316  42.723  80.548  56.584  29.55    29.984  29.936  29.885  14.987  11.801   8.912  20.53    8.285   0.498    0.969   4.219  -6.133]
std  = [  7.475   5.126   4.243   4.929   5.396   7.811   9.572  10.691  11.458    0.094   0.092   0.094   4.291   2.775   3.315   4.372   3.095   9.575   1.608   3.377   3.377]

1th hidden state
mean = [ 59.544  54.496  49.155  51.511  47.803  43.699  92.894  79.772  63.152   30.084  30.005  29.93   14.492  10.399   5.563  21.226  10.186   0.235    4.882  -2.385  -4.607]
std  = [  6.415   5.016   5.087   4.848   5.256   6.282   5.773   7.88   11.926    0.139   0.149   0.167   4.37    3.001   3.728   7.782   4.487   0.347   2.713   6.459   7.433]

2th hidden state
mean = [ 59.605  52.106  44.42   46.379  41.893  36.968  88.31   71.393  50.888   30.208  30.149  30.091  13.59   10.393   7.479  17.464   8.056   0.     1.895   1.591  -4.363]
std  = [  6.607   4.884   4.681   5.165   5.861   7.204   9.417  12.053  15.284    0.119   0.118   0.122   4.277   3.351   4.012   7.275   4.713   0.001   2.342   4.287   6.868]

3th hidden state
mean = [ 69.21   61.442  53.674  54.313  51.609  48.958  89.945  74.707  54.645   30.017  29.974  29.928  13.865  10.803   8.008  22.818  11.425   0.     2.209   2.577 -10.119]
std  = [ 5.26   3.428  3.097  3.233  2.968  3.699  5.592  6.259  9.316  0.081    0.079  0.08   4.183  2.107  2.611  4.766  3.49   0.001  2.347  4.216    3.986]

(23461, 22)
Using PCA
fitting to HMM and decoding ...
done
Transition matrix
[[ 0.601  0.027  0.071  0.007  0.294]
 [ 0.016  0.905  0.031  0.032  0.016]
 [ 0.064  0.131  0.529  0.018  0.257]
 [ 0.03   0.292  0.037  0.629  0.011]
 [ 0.163  0.041  0.075  0.001  0.719]]

Means and vars of each hidden state
0th hidden state
mean = [ 58.026  53.354  48.472  51.421  47.646  43.406  94.083  81.933  66.388   30.089  30.002  29.921  13.652   9.62    4.503  21.056   9.818   0.287    5.395  -3.762  -2.984]
std  = [  4.366   3.97    4.445   4.257   4.454   5.284   5.047   7.019  11.01     0.146   0.161   0.181   4.232   2.686   3.084   8.455   4.62    0.392     2.572   6.328   7.391]

1th hidden state
mean = [ 69.841  61.813  53.786  54.476  51.627  48.856  89.676  74.076  53.663   30.014  29.971  29.925  13.845  10.792   7.998  22.793  11.333   0.     2.146   2.66  -10.005]
std  = [  6.004   3.792   3.126   3.356   3.006   3.831   5.758   6.881  10.337    0.081   0.08    0.082   4.181   2.094   2.6     4.795   3.532   0.001   2.329   4.178   4.034]

2th hidden state
mean = [ 64.776  55.952  46.617  44.857  38.163  31.198  78.14   55.943  33.929   30.128  30.065  30.001  15.726  12.914  10.319  21.236  10.512   0.023    1.038   3.897  -5.911]
std  = [ 14.128   9.937   7.484   7.686   7.512   8.367  10.902  11.283  13.192    0.15    0.147   0.152   4.063   2.711   3.484   7.138   5.419   0.065   1.686   5.671   7.589]

3th hidden state
mean = [ 69.467  62.282  54.854  55.792  52.797  49.7    90.844  75.548  55.056   30.021  29.974  29.924  16.698  12.145   7.972  21.334  10.65    0.604    3.741   1.415  -8.362]
std  = [  6.771   3.587   3.136   3.326   3.111   3.818   5.993   7.001  10.957    0.086   0.086   0.09    3.871   2.953   3.968   4.65    3.131   9.753   2.598   5.597   4.47 ]

4th hidden state
mean = [ 59.48   52.113  44.633  47.552  43.577  39.126  90.915  75.201  54.899   30.213  30.155  30.097  13.205   9.852   6.765  16.672   7.415   0.     2.191   0.944  -4.276]
std  = [  5.539   4.253   4.314   4.115   4.28    5.251   6.587   8.756  13.156    0.113   0.111   0.115   4.235   3.204   3.744   6.772   4.107   0.001   2.465   3.392   6.416]

(23461, 22)
Using PCA
fitting to HMM and decoding ...
done
Transition matrix
[[ 0.703  0.149  0.002  0.003  0.091  0.051]
 [ 0.161  0.548  0.011  0.015  0.136  0.129]
 [ 0.     0.007  0.851  0.088  0.001  0.053]
 [ 0.001  0.022  0.28   0.604  0.01   0.083]
 [ 0.212  0.084  0.     0.023  0.557  0.125]
 [ 0.027  0.069  0.067  0.055  0.086  0.696]]

Means and vars of each hidden state
0th hidden state
mean = [ 58.069  50.687  43.188  47.322  43.253  38.8    93.216  77.91   57.389   30.253  30.193  30.135  11.893   8.385   5.108  12.734   4.994   0.     2.375   0.366  -0.488]
std  = [  5.533   4.289   4.41    4.439   4.712   5.609   5.922   9.145  14.386    0.109   0.108   0.114   3.729   2.941   3.482   4.371   1.99    0.002   2.585   3.043   4.389]

1th hidden state
mean = [ 58.34   53.869  49.168  52.254  48.543  44.311  94.617  83.065  68.08    30.074  29.983  29.899  13.374   9.23    3.897  21.67   10.104   0.543    5.813  -4.654  -2.388]
std  = [  4.46    3.878   4.31    3.992   4.142   5.002   4.767   6.593  10.427    0.148   0.164   0.186   4.102   2.429   2.694   8.572   4.613   6.21    2.375   6.477   7.353]

2th hidden state
mean = [ 69.899  62.196  54.503  55.221  52.713  50.368  90.678  75.752  55.785   30.006  29.964  29.919  13.746  10.687   7.858  22.542  11.22    0.     2.236   2.792  -9.849]
std  = [ 4.425  2.784  2.647  2.609  2.236  2.625  5.19   5.655  8.18   0.077    0.075  0.077  4.164  2.084  2.648  4.301  3.069  0.001  2.319  4.254    3.522]

3th hidden state
mean = [ 76.513  65.873  55.164  56.122  51.137  46.095  85.935  66.04   41.573   30.009  29.961  29.91   15.169  11.55    8.142  20.793   9.165   0.057    2.224   2.599  -7.106]
std  = [  9.262   5.389   3.747   3.96    4.325   6.726   8.908  12.14   16.173    0.094   0.093   0.095   4.331   2.695   3.38    4.679   3.32    0.106   2.525   4.624   4.048]

4th hidden state
mean = [ 57.781  50.888  43.473  42.85   36.996  30.915  81.863  62.065  41.888   30.173  30.104  30.034  16.135  13.091  10.122  20.63   10.435   0.038    1.668   2.794  -5.599]
std  = [  8.445   5.615   5.048   5.349   5.869   7.305  11.116  12.297  14.157    0.133   0.136   0.147   3.965   2.642   3.713   6.857   4.725   0.088   2.239   6.038   7.457]

5th hidden state
mean = [ 63.562  56.437  49.234  49.888  46.671  43.001  88.396  73.079  53.951   30.098  30.048  29.996  14.406  11.293   8.479  23.441  11.938   0.     2.238   1.688 -10.833]
std  = [  4.69    2.937   2.935   2.908   2.645   3.79    6.067   6.735  10.47     0.099   0.097   0.098   4.233   2.239   2.586   6.263   4.569   0.001     2.451   3.927   5.269]

(23461, 22)
Using PCA
fitting to HMM and decoding ...
done
Transition matrix
[[ 0.603  0.036  0.033  0.114  0.01   0.023  0.035  0.     0.141  0.004]
 [ 0.053  0.369  0.009  0.076  0.27   0.161  0.003  0.028  0.014  0.017]
 [ 0.107  0.017  0.399  0.046  0.073  0.014  0.102  0.022  0.008  0.211]
 [ 0.034  0.013  0.009  0.668  0.044  0.038  0.067  0.007  0.061  0.058]
 [ 0.002  0.073  0.03   0.072  0.434  0.045  0.     0.136  0.     0.209]
 [ 0.028  0.087  0.005  0.105  0.06   0.557  0.018  0.092  0.013  0.035]
 [ 0.022  0.001  0.021  0.098  0.001  0.01   0.517  0.     0.328  0.002]
 [ 0.     0.019  0.007  0.024  0.131  0.097  0.001  0.633  0.     0.088]
 [ 0.042  0.001  0.001  0.052  0.     0.005  0.083  0.     0.815  0.001]
 [ 0.001  0.008  0.048  0.1    0.114  0.006  0.009  0.191  0.     0.521]]

Means and vars of each hidden state
0th hidden state
mean = [ 68.543  61.725  54.838  55.689  52.657  49.342  90.874  76.053  56.257   30.032  29.982  29.929  16.32   12.03    7.884  21.149  10.546   0.105    4.107   0.121  -7.732]
std  = [  5.276   3.522   3.32    3.45    3.324   4.306   6.065   6.526  10.565    0.089   0.088   0.092   4.133   2.857   3.881   4.874   3.354   0.116   2.587   5.98    5.188]

1th hidden state
mean = [ 59.305  55.35   51.193  54.304  50.692  46.298  94.968  84.72   71.357   29.983  29.865  29.765  13.132   8.406   2.68   26.718  12.973   1.384    6.826  -9.057  -0.544]
std  = [  3.663   3.251   3.576   3.351   3.573   4.574   4.498   6.196  10.037    0.154   0.167   0.189   3.859   2.008   1.771   9.847   5.167  11.683   1.771   6.929   8.042]

2th hidden state
mean = [ 63.238  56.188  47.13   43.921  36.955  29.712  75.268  53.596  32.759   30.105  30.039  29.973  17.068  14.028  11.052  22.346  11.747   0.188    1.54    5.063  -4.596]
std  = [ 17.475  10.304   8.512   8.814   9.39   10.538  14.911  14.717  14.226    0.146   0.148   0.166   3.332   2.844   4.397   6.873   5.556   0.42    2.205   7.588   8.032]

3th hidden state
mean = [ 63.619  56.708  49.727  50.06   47.059  43.696  88.223  73.309  54.708   30.088  30.04   29.989  14.43   11.351   8.646  23.753  12.324   0.     2.335   1.504 -11.273]
std  = [ 3.988  2.533  2.812  2.596  2.282  3.33   5.739  5.812  9.055  0.098    0.095  0.096  4.225  2.134  2.353  6.334  4.547  0.002  2.469  3.986    5.226]

4th hidden state
mean = [ 55.576  50.529  45.259  47.624  43.459  39.086  91.6    77.447  60.771   30.103  30.017  29.934  15.073  11.128   6.309  20.992  10.      0.16     4.234  -1.866  -5.339]
std  = [ 3.629  3.024  3.298  3.242  2.883  3.571  5.425  6.227  9.249  0.132    0.136  0.15   4.387  2.668  3.314  7.23   4.033  0.204  2.82   5.422    7.408]

5th hidden state
mean = [ 61.045  55.572  49.925  53.937  50.752  47.128  97.086  86.082  69.784   30.185  30.126  30.068  11.728   8.033   3.551  16.191   6.699   0.05     4.276  -0.037  -2.633]
std  = [ 4.299  2.807  2.786  2.489  2.311  3.025  3.314  5.234  9.998  0.098    0.098  0.105  3.341  2.449  2.914  5.129  2.678  0.093  2.883  4.222    5.224]

6th hidden state
mean = [ 80.649  67.433  54.232  56.132  50.071  44.228  84.206  61.144  33.185   30.     29.951  29.899  13.595  10.638   7.839  20.677   8.198   0.     0.746   4.132  -6.425]
std  = [ 6.184  4.484  4.011  4.061  4.197  6.501  7.998  8.736  9.493  0.101    0.098  0.099  4.139  2.167  2.731  4.667  2.825  0.002  1.285  2.795    3.005]

7th hidden state
mean = [ 57.002  49.728  42.36   46.826  42.888  38.593  93.921  79.167  58.874   30.26   30.2    30.142  11.567   8.003   4.771  12.362   4.884   0.     2.347   0.418  -0.165]
std  = [  5.07    3.65    3.52    3.34    3.225   3.837   4.984   7.295  12.39     0.108   0.107   0.112   3.595   2.792   3.222   4.246   1.887   0.002     2.557   2.939   4.31 ]

8th hidden state
mean = [ 69.475  62.056  54.644  55.172  52.837  50.616  90.825  76.251  56.721   30.005  29.964  29.92   13.775  10.715   7.903  22.729  11.453   0.     2.316   2.798 -10.154]
std  = [ 3.771  2.542  2.58   2.493  2.15   2.476  5.066  5.182  7.05   0.073    0.072  0.073  4.169  1.993  2.528  4.158  2.971  0.001  2.312  4.227    3.345]

9th hidden state
mean = [ 58.996  50.734  42.32   42.449  36.671  30.43   82.311  61.26   38.83    30.218  30.156  30.092  15.115  12.409  10.052  18.568   8.882   0.     1.005   2.446  -4.728]
std  = [  6.271   4.879   4.548   4.294   4.464   5.733   8.697   8.733  10.736    0.125   0.126   0.132   4.142   2.751   3.343   7.134   4.735   0.002   1.546   4.838   7.039]

(23461, 22)
(22630, 20)
['Max TemperatureF' 'Mean TemperatureF' 'Min TemperatureF' 'Max Dew PointF'
 'MeanDew PointF' 'Min DewpointF' 'Max Humidity' ' Mean Humidity'
 ' Min Humidity' ' Max Sea Level PressureIn' ' Mean Sea Level PressureIn'
 ' Min Sea Level PressureIn' ' Max VisibilityMiles' ' Mean VisibilityMiles'
 ' Min VisibilityMiles' ' Max Wind SpeedMPH' ' Mean Wind SpeedMPH'
 'PrecipitationIn' ' CloudCover' ' WindDirDegrees']
[  32.     30.     28.     32.     30.     26.    100.     97.     92.    29.92   29.59   29.35   10.      4.      0.     22.     13.      0.    8.     44.  ]
Using PCA
fitting to HMM and decoding ...
done
Transition matrix
[[ 0.94   0.06 ]
 [ 0.072  0.928]]

Means and vars of each hidden state
0th hidden state
mean = [ 42.085  34.407  26.144  31.34   25.065  18.491  86.314  70.238  53.235   30.193  30.072  29.943  12.333   9.736   6.049  18.495  10.761   0.043    4.339   0.298  -3.794]
std  = [ 15.01   13.508  13.182  12.673  12.87   13.895  10.019  12.22   15.691    0.221   0.238   0.26    2.785   3.277   4.279   6.183   4.205   0.134   2.901   7.763   7.663]

1th hidden state
mean = [ 77.621  67.809  57.686  61.691  56.52   50.728  89.323  69.487  48.759   30.055  29.982  29.905  12.291   9.697   5.949  16.717   8.456   0.112    3.749  -1.574  -1.305]
std  = [  9.546   8.34    8.839   8.011   8.406   9.452   8.741  10.949  13.883    0.134   0.145   0.16    2.749   2.922   3.847   5.614   3.374   0.387   2.643   6.794   5.706]

(22630, 22)
Using PCA
fitting to HMM and decoding ...
done
Transition matrix
[[ 0.778  0.077  0.145]
 [ 0.08   0.92   0.   ]
 [ 0.201  0.     0.799]]

Means and vars of each hidden state
0th hidden state
mean = [ 55.378  47.089  38.019  43.1    37.031  30.619  88.73   70.884  52.107   30.096  29.978  29.86   12.092   9.33    5.709  18.88   10.544   0.096    4.739  -0.26   -1.78 ]
std  = [ 13.187   9.827   8.697   9.108   8.326   8.792  10.104  13.822  17.992    0.193   0.216   0.244   2.841   3.39    4.264   6.512   4.271   0.234   2.892   8.204   7.673]

1th hidden state
mean = [ 80.483  70.662  60.628  64.226  59.343  53.817  89.465  69.595  48.846   30.05   29.983  29.913  12.255   9.663   5.899  16.336   8.122   0.105    3.626  -1.765  -1.465]
std  = [  7.485   6.55    7.152   6.559   6.772   7.717   8.312  10.206  12.906    0.124   0.132   0.143   2.746   2.835   3.755   5.445   3.156   0.397   2.565   6.461   5.378]

2th hidden state
mean = [ 32.456  24.881  16.959  22.433  15.882   9.004  83.85   68.936  53.098   30.287  30.169  30.035  12.701  10.329   6.55   17.843  10.692   0.005    3.741   0.663  -5.485]
std  = [ 11.095  10.64   11.183  10.175  10.882  12.328   9.336  10.017  12.702    0.201   0.211   0.232   2.656   3.001   4.213   5.574   4.023   0.016   2.802   7.148   6.992]

(22630, 22)
Using PCA
fitting to HMM and decoding ...
done
Transition matrix
[[ 0.696  0.194  0.03   0.079]
 [ 0.272  0.695  0.002  0.031]
 [ 0.048  0.     0.707  0.245]
 [ 0.071  0.016  0.352  0.561]]

Means and vars of each hidden state
0th hidden state
mean = [ 74.517  63.427  52.111  55.346  49.845  44.004  86.031  63.523  41.707   30.112  30.042  29.964  12.908  10.929   7.792  15.967   8.244   0.     2.681  -0.215  -1.089]
std  = [  8.469   7.489   7.989   7.517   7.471   8.232   9.781   9.653  10.969    0.131   0.137   0.151   2.601   2.742   3.831   5.021   3.438   0.001   2.308   6.694   5.809]

1th hidden state
mean = [ 82.657  73.737  64.623  68.605  64.032  58.613  91.504  73.911  54.038   30.006  29.937  29.866  11.742   8.646   4.36   17.263   8.473   0.189    4.436  -3.186  -2.041]
std  = [  7.438   6.062   5.976   4.762   5.094   6.476   7.029   9.023  12.263    0.112   0.119   0.131   2.746   2.489   2.957   5.917   3.099   0.528   2.505   6.245   5.3  ]

2th hidden state
mean = [ 39.015  30.755  22.101  26.299  20.157  13.841  82.904  66.222  48.982   30.263  30.156  30.031  12.813  10.891   7.657  17.749  10.466   0.     3.301   0.443  -4.91 ]
std  = [ 14.436  13.127  12.727  11.513  12.035  13.316   9.527  10.203  13.058    0.199   0.205   0.22    2.587   2.776   3.928   5.539   4.013   0.001   2.639   7.185   7.051]

3th hidden state
mean = [ 45.973  39.808  32.62   40.017  33.486  26.341  92.879  78.867  62.727   30.075  29.928  29.79   11.426   7.629   3.068  19.896  11.362   0.168    6.383  -0.193  -1.978]
std  = [ 14.792  13.106  12.932  12.778  12.759  13.73    7.065  10.614  15.296    0.218   0.232   0.257   2.88    2.994   2.997   6.894   4.366   0.29    2.168   8.683   8.296]

(22630, 22)
Using PCA
fitting to HMM and decoding ...
done
Transition matrix
[[ 0.514  0.084  0.021  0.086  0.295]
 [ 0.081  0.681  0.2    0.     0.038]
 [ 0.034  0.267  0.698  0.     0.001]
 [ 0.077  0.     0.     0.73   0.193]
 [ 0.214  0.06   0.     0.071  0.656]]

Means and vars of each hidden state
0th hidden state
mean = [ 51.01   44.909  37.545  44.869  38.426  31.326  93.556  79.301  62.604   30.036  29.89   29.755  11.393   7.695   3.261  20.359  11.494   0.244    6.548  -0.501  -1.285]
std  = [ 14.169  11.363  10.722  11.24   10.651  11.212   6.841  10.91   16.078    0.202   0.219   0.246   2.85    3.05    3.11    7.141   4.45    0.507   2.035   8.928   8.384]

1th hidden state
mean = [ 75.446  64.366  53.062  56.316  50.868  45.054  86.303  63.77   41.907   30.111  30.043  29.966  12.928  10.939   7.784  15.811   8.122   0.     2.653  -0.18   -0.996]
std  = [  7.8     6.758   7.323   6.752   6.68    7.519   9.691   9.52   10.846    0.129   0.135   0.147   2.597   2.748   3.852   4.893   3.362   0.001   2.29    6.614   5.702]

2th hidden state
mean = [ 83.356  74.367  65.191  68.974  64.456  59.134  91.216  73.461  53.562   30.007  29.94   29.87   11.757   8.704   4.456  17.187   8.421   0.154    4.324  -3.245  -2.147]
std  = [  6.967   5.588   5.55    4.441   4.708   6.012   7.136   8.903  11.969    0.11    0.117   0.128   2.752   2.469   2.956   5.885   3.066   0.34    2.492   6.145   5.236]

3th hidden state
mean = [ 24.154  16.209   7.909  15.187   7.304  -0.831  81.476  67.59   52.884   30.347  30.223  30.081  12.975  10.507   6.346  18.07   11.13    0.011    3.382   1.106  -7.02 ]
std  = [  8.919   8.54    9.218   9.953   9.696  10.512   9.49    9.376  11.051    0.207   0.22    0.243   2.567   2.979   4.413   5.458   3.963   0.029   2.734   6.869   6.473]

4th hidden state
mean = [ 47.01   38.698  30.046  33.39   27.984  22.355  85.395  67.595  49.292   30.195  30.09   29.972  12.454  10.328   7.187  17.674  10.104   0.     3.783   0.066  -3.434]
std  = [ 10.714   8.136   7.043   6.732   6.175   6.851   9.551  11.73   15.194    0.182   0.191   0.209   2.717   3.044   4.016   5.628   3.984   0.001   2.757   7.445   7.123]

(22630, 22)
Using PCA
fitting to HMM and decoding ...
done
Transition matrix
[[ 0.681  0.     0.269  0.048  0.     0.002]
 [ 0.     0.59   0.     0.044  0.222  0.144]
 [ 0.19   0.     0.676  0.093  0.     0.041]
 [ 0.031  0.072  0.132  0.492  0.008  0.265]
 [ 0.     0.203  0.     0.001  0.7    0.095]
 [ 0.     0.106  0.068  0.152  0.029  0.645]]

Means and vars of each hidden state
0th hidden state
mean = [ 84.611  75.624  66.469  70.052  65.672  60.498  91.124  73.511  53.761   30.005  29.939  29.871  11.715   8.662   4.412  17.312   8.425   0.156    4.299  -3.574  -2.405]
std  = [  6.207   4.86    4.858   3.784   3.939   5.232   7.063   8.528  11.355    0.106   0.112   0.122   2.747   2.432   2.904   5.961   3.024   0.34    2.455   5.954   5.109]

1th hidden state
mean = [ 37.451  31.996  26.036  32.543  26.971  20.41   93.241  81.055  66.842   30.127  29.978  29.838  11.027   7.039   2.695  18.944  10.985   0.106    6.519   0.649  -2.467]
std  = [  7.147   6.285   7.412   6.714   6.532   8.285   6.037   8.345  12.353    0.206   0.224   0.249   2.823   2.74    2.677   6.193   4.287   0.2   2.091   8.134   8.148]

2th hidden state
mean = [ 77.494  66.447  55.195  58.39   53.11   47.426  86.795  64.204  42.32    30.105  30.041  29.969  12.849  10.817   7.633  15.404   7.796   0.     2.605  -0.233  -0.852]
std  = [  6.959   5.999   6.7     6.016   5.887   6.748   9.266   8.979  10.373    0.122   0.126   0.137   2.619   2.721   3.788   4.633   3.166   0.001   2.231   6.392   5.401]

3th hidden state
mean = [ 61.902  54.844  46.363  53.932  47.257  39.937  93.368  77.655  59.1   29.999  29.874  29.755  11.718   8.325   3.857  20.212  11.074   0.269    6.15   -1.844  -1.144]
std  = [ 11.482   7.444   7.616   7.359   7.387   8.417   7.05   11.379  16.526    0.18    0.199   0.227   2.795   2.976   3.188   7.35    4.333   0.594   2.201   8.69    7.821]

4th hidden state
mean = [ 25.052  17.129   8.852  15.435   7.733  -0.055  80.596  66.444  51.568   30.35   30.231  30.092  13.105  10.911   6.988  17.945  11.076   0.005    3.123   1.035  -7.052]
std  = [  9.395   9.041   9.666   9.757   9.664  10.737   9.017   8.704  10.487    0.201   0.21    0.232   2.516   2.775   4.257   5.516   4.014   0.019   2.599   6.875   6.381]

5th hidden state
mean = [ 53.311  43.772  33.87   36.536  30.932  25.331  83.476  63.228  43.047   30.188  30.09   29.979  12.908  11.209   8.312  17.708   9.991   0.     3.083   0.128  -3.038]
std  = [ 10.446   8.002   7.157   7.432   6.67    6.966   9.836  10.296  12.353    0.177   0.186   0.205   2.551   2.62    3.698   5.606   3.952   0.002   2.534   7.455   7.115]

(22630, 22)
Using PCA
fitting to HMM and decoding ...
done
Transition matrix
[[ 0.544  0.     0.     0.041  0.067  0.     0.119  0.068  0.162  0.   ]
 [ 0.     0.565  0.084  0.002  0.     0.304  0.001  0.     0.     0.044]
 [ 0.     0.059  0.395  0.126  0.     0.097  0.057  0.     0.002  0.263]
 [ 0.108  0.     0.069  0.391  0.023  0.002  0.275  0.004  0.087  0.04 ]
 [ 0.155  0.     0.     0.011  0.405  0.     0.007  0.329  0.093  0.   ]
 [ 0.     0.212  0.066  0.002  0.     0.618  0.003  0.     0.     0.1  ]
 [ 0.067  0.     0.02   0.205  0.003  0.     0.54   0.     0.026  0.139]
 [ 0.198  0.     0.     0.004  0.248  0.     0.002  0.534  0.014  0.   ]
 [ 0.264  0.     0.     0.084  0.133  0.     0.042  0.023  0.454  0.   ]
 [ 0.001  0.011  0.157  0.039  0.     0.151  0.078  0.     0.     0.563]]

Means and vars of each hidden state
0th hidden state
mean = [ 39.448  32.13   24.528  28.16   22.759  17.131  84.975  69.123  52.262   30.233  30.123  29.997  12.67   10.592   7.23   17.755  10.46    0.     3.802   0.269  -4.417]
std  = [  6.042   4.487   4.793   4.682   4.39    5.36    8.243   9.143  12.321    0.187   0.196   0.216   2.626   2.716   3.746   5.654   4.04    0.002   2.7     7.441   7.126]

1th hidden state
mean = [ 86.081  77.364  68.496  71.905  67.759  62.849  91.77   74.816  55.254   29.99   29.924  29.858  11.695   8.55    4.058  18.321   8.745   0.213    4.615  -4.535  -3.065]
std  = [  5.588   4.242   4.131   3.104   3.207   4.545   6.435   7.896  10.816    0.103   0.109   0.118   2.713   2.304   2.71    6.518   3.034   0.396   2.334   5.573   4.967]

2th hidden state
mean = [ 70.117  63.653  55.332  61.68   56.097  49.34   93.792  78.347  59.552   29.999  29.905  29.813  11.729   8.225   3.608  18.17    9.473   0.313    5.926  -2.062  -0.834]
std  = [ 12.203   5.388   5.347   4.811   4.604   5.976   6.56   10.676  15.673    0.15    0.161   0.176   2.788   2.867   2.994   5.829   3.446   0.718   2.244   7.605   6.231]

3th hidden state
mean = [ 56.936  49.178  40.607  48.702  41.338  33.763  92.571  76.485  58.169   30.006  29.86   29.723  11.909   8.63    4.208  21.67   12.231   0.194    6.063  -1.834  -2.126]
std  = [  8.822   5.585   5.764   6.641   5.75    6.518   7.117  10.992  15.774    0.197   0.218   0.25    2.791   2.95    3.283   8.01    4.784   0.331   2.284   9.18    8.962]

4th hidden state
mean = [ 28.707  21.128  12.997  23.027  14.951   5.619  88.665  74.814  59.68    30.245  30.085  29.929  12.051   8.095   2.823  19.589  11.591   0.086    5.312   1.357  -4.92 ]
std  = [  7.42    6.884   8.207   7.409   7.406   9.209   7.076   8.182  11.057    0.212   0.229   0.259   2.758   2.743   2.958   6.627   4.663   0.176   2.571   8.011   8.116]

5th hidden state
mean = [ 82.997  72.656  62.161  64.974  60.256  54.984  88.077  66.861  45.656   30.067  30.009  29.945  12.285   9.894   6.504  14.942   7.432   0.     2.787  -1.164  -1.145]
std  = [  5.511   4.306   4.744   4.084   3.791   4.692   8.351   8.387  10.275    0.103   0.107   0.115   2.759   2.702   3.482   4.345   2.92    0.002   2.214   6.034   4.969]

6th hidden state
mean = [ 58.147  47.697  36.911  39.284  33.596  27.93   83.059  61.129  39.896   30.177  30.087  29.983  12.841  11.228   8.46   17.398   9.557   0.     2.905   0.303  -2.291]
std  = [  7.746   5.239   5.205   5.552   4.705   5.323  10.343  10.406  11.646    0.167   0.174   0.191   2.57    2.655   3.726   5.33    3.697   0.002   2.458   7.299   6.811]

7th hidden state
mean = [ 20.674  12.588   4.215   9.913   2.125  -5.385  77.172  63.508  49.165   30.399  30.291  30.153  13.467  11.816   8.424  17.557  11.114   0.     2.268   0.995  -8.355]
std  = [ 8.97   8.31   8.602  9.239  8.747  9.714  8.861  8.302  9.913  0.193    0.197  0.216  2.366  2.447  3.959  5.011  3.645  0.003  2.23   6.311    5.117]

8th hidden state
mean = [ 39.374  35.069  30.21   35.958  31.163  25.426  96.113  85.339  72.037   30.073  29.923  29.786  10.311   5.917   1.782  18.515  10.664   0.134    7.459   0.942  -0.77 ]
std  = [  5.921   3.984   4.543   4.796   3.947   5.385   4.118   6.716  11.258    0.196   0.214   0.236   2.722   2.336   1.79    5.452   3.853   0.231   0.874   8.115   7.826]

9th hidden state
mean = [ 73.539  62.055  50.336  53.862  48.156  42.174  85.675  62.611  40.462   30.125  30.055  29.976  13.075  11.247   8.193  16.093   8.329   0.     2.559  -0.036  -0.942]
std  = [  6.337   4.74    5.334   4.78    4.272   5.366  10.014   9.126   9.981    0.134   0.141   0.154   2.523   2.66    3.852   5.005   3.439   0.002   2.259   6.773   5.868]

(22630, 22)
(22998, 20)
['Max TemperatureF' 'Mean TemperatureF' 'Min TemperatureF' 'Max Dew PointF'
 'MeanDew PointF' 'Min DewpointF' 'Max Humidity' ' Mean Humidity'
 ' Min Humidity' ' Max Sea Level PressureIn' ' Mean Sea Level PressureIn'
 ' Min Sea Level PressureIn' ' Max VisibilityMiles' ' Mean VisibilityMiles'
 ' Min VisibilityMiles' ' Max Wind SpeedMPH' ' Mean Wind SpeedMPH'
 'PrecipitationIn' ' CloudCover' ' WindDirDegrees']
[  33.     30.     28.     32.     29.     26.    100.     95.     85.    29.93   29.52   29.29    8.      4.      0.     32.     20.      0.    0.     48.  ]
Using PCA
fitting to HMM and decoding ...
done
Transition matrix
[[ 0.943  0.057]
 [ 0.084  0.916]]

Means and vars of each hidden state
0th hidden state
mean = [ 45.308  37.852  30.189  33.218  26.945  20.66   83.104  66.866  49.855   30.191  30.073  29.947  12.666   9.42    5.531  17.976  10.581   0.046    3.633   0.026  -3.43 ]
std  = [ 15.952  14.503  13.909  13.43   13.403  14.001  11.182  12.876  15.637    0.218   0.232   0.261   3.631   3.282   3.722   5.941   3.936   0.134   3.106   7.597   7.614]

1th hidden state
mean = [ 79.912  70.992  62.049  62.98   57.885  51.999  84.919  65.658  45.736   30.048  29.979  29.904  12.365   9.239   5.47   16.215   8.32    0.265    3.199  -1.954  -1.124]
std  = [  8.531   7.547   7.717   7.249   7.632   9.1     9.902  11.583  13.588    0.13    0.139   0.158   3.444   2.804   3.345   5.344   3.113   7.622   2.809   6.536   5.577]

(22998, 22)
Using PCA
fitting to HMM and decoding ...
done
Transition matrix
[[ 0.871  0.129  0.   ]
 [ 0.085  0.798  0.117]
 [ 0.     0.138  0.862]]

Means and vars of each hidden state
0th hidden state
mean = [ 83.599  74.834  66.068  66.621  61.949  56.472  85.436  66.483  46.632   30.036  29.972  29.904  12.034   8.917   5.166  16.089   8.107   0.335    3.131  -2.646  -1.518]
std  = [  6.472   5.315   5.353   5.264   5.479   7.074   9.103  10.38   12.364    0.115   0.122   0.134   3.256   2.495   3.099   5.284   2.889   9.422   2.737   6.076   5.277]

1th hidden state
mean = [ 63.62   54.952  46.115  48.517  42.309  35.8    84.19   65.453  46.252   30.091  29.988  29.879  12.783   9.571   5.783  17.701   9.762   0.105    3.695  -0.556  -1.037]
std  = [ 11.75    9.66    9.01    8.724   8.235   8.78   11.676  14.268  16.796    0.18    0.2     0.24    3.691   3.33    3.748   6.271   3.897   0.255   3.082   7.729   7.026]

2th hidden state
mean = [ 35.122  28.368  21.424  24.622  18.428  12.254  82.169  67.39   51.706   30.259  30.14   30.009  12.662   9.419   5.446  17.67   10.779   0.012    3.434   0.435  -4.994]
std  = [ 11.251  10.771  11.207  10.317  10.901  12.061  10.479  11.302  13.914    0.21    0.222   0.244   3.589   3.206   3.685   5.384   3.874   0.039   3.065   7.224   7.34 ]

(22998, 22)
Using PCA
fitting to HMM and decoding ...
done
Transition matrix
[[ 0.729  0.203  0.026  0.042]
 [ 0.533  0.401  0.013  0.053]
 [ 0.044  0.002  0.705  0.249]
 [ 0.053  0.014  0.427  0.505]]

Means and vars of each hidden state
0th hidden state
mean = [ 78.726  69.142  59.569  59.24   54.091  48.474  81.239  60.656  40.893   30.089  30.025  29.953  12.842   9.957   6.609  15.257   8.028   0.     2.412  -1.144  -0.783]
std  = [  8.807   8.277   8.788   8.548   8.904   9.984  10.083   9.953  11.323    0.128   0.131   0.144   3.596   2.846   3.232   4.144   3.079   0.001   2.408   6.403   5.569]

1th hidden state
mean = [ 79.869  71.896  63.87   66.904  61.716  55.354  90.608  73.407  52.986   29.994  29.912  29.831  11.831   8.289   3.589  18.479   9.036   0.809    4.51   -3.315  -2.016]
std  = [  7.884   6.685   6.625   5.829   6.561   8.745   7.24   10.005  13.651    0.123   0.13    0.149   3.131   2.467   2.682   7.424   2.979  14.113   2.947   6.599   5.65 ]

2th hidden state
mean = [ 41.144  33.501  25.705  27.364  21.36   15.538  79.181  62.774  46.098   30.257  30.151  30.03   13.23   10.41    6.808  17.501  10.533   0.     2.899   0.235  -4.643]
std  = [ 14.875  13.61   13.071  11.797  12.097  12.935  10.189  10.677  13.208    0.2     0.205   0.222   3.663   3.003   3.486   5.333   3.853   0.001   2.746   7.166   7.268]

3th hidden state
mean = [ 46.958  40.596  33.868  40.304  33.497  26.236  91.59   77.131  60.19    30.081  29.933  29.787  11.378   7.282   2.77   19.32   11.165   0.185    5.391  -0.415  -1.976]
std  = [ 14.125  12.801  12.582  12.394  12.282  13.148   7.56   10.756  15.116    0.221   0.233   0.272   3.182   2.744   2.52    6.537   4.054   0.301   3.139   8.487   8.062]

(22998, 22)
Using PCA
fitting to HMM and decoding ...
done
Transition matrix
[[ 0.643  0.224  0.002  0.072  0.06 ]
 [ 0.362  0.465  0.018  0.081  0.075]
 [ 0.01   0.057  0.402  0.     0.531]
 [ 0.179  0.062  0.     0.759  0.   ]
 [ 0.03   0.051  0.198  0.     0.72 ]]

Means and vars of each hidden state
0th hidden state
mean = [ 48.845  41.087  33.214  33.965  28.556  23.195  80.799  63.389  45.926   30.196  30.093  29.98   12.967  10.147   6.748  17.293  10.09    0.     3.148   0.018  -3.111]
std  = [ 11.044   8.81    7.633   7.137   6.609   7.226  10.543  12.022  14.881    0.181   0.188   0.208   3.707   3.149   3.514   5.258   3.786   0.001   2.866   7.359   7.232]

1th hidden state
mean = [ 52.974  46.404  39.444  45.743  38.982  31.634  92.187  77.278  59.433   30.037  29.89   29.745  11.408   7.455   3.043  19.786  11.193   0.237    5.612  -0.779  -1.272]
std  = [ 12.447  10.339   9.622   9.992   9.144   9.579   7.503  11.368  16.101    0.203   0.217   0.264   3.215   2.819   2.655   7.27    4.062   0.345   3.005   8.664   8.031]

2th hidden state
mean = [ 80.793  72.848  64.848  67.67   62.661  56.543  90.613  73.488  53.218   29.993  29.914  29.835  11.793   8.262   3.552  18.351   8.979   0.842    4.473  -3.486  -2.099]
std  = [  7.446   6.152   6.022   5.386   6.003   8.11    7.109   9.712  13.338    0.119   0.125   0.141   3.106   2.412   2.621   6.768   2.937  14.661   2.936   6.464   5.558]

3th hidden state
mean = [ 25.34   18.227  10.878  15.977   8.455   1.181  79.772  65.806  50.981   30.344  30.221  30.081  13.092   9.628   5.198  17.853  11.264   0.016    2.98    0.844  -6.971]
std  = [  8.587   8.295   8.988   9.791   9.431   9.883  10.423  10.044  11.72     0.205   0.219   0.243   3.551   3.187   3.804   5.329   3.879   0.046     2.927   6.874   6.737]

4th hidden state
mean = [ 79.435  69.868  60.315  59.957  54.842  49.235  81.323  60.746  40.975   30.087  30.024  29.953  12.821   9.946   6.6    15.209   7.991   0.     2.398  -1.231  -0.792]
std  = [  8.364   7.797   8.302   8.015   8.355   9.501   9.983   9.777  11.149    0.127   0.13    0.143   3.583   2.825   3.218   4.125   3.071   0.001   2.391   6.367   5.532]

(22998, 22)
Using PCA
fitting to HMM and decoding ...
done
Transition matrix
[[ 0.723  0.     0.005  0.     0.213  0.06 ]
 [ 0.     0.534  0.067  0.4    0.     0.   ]
 [ 0.002  0.08   0.5    0.238  0.135  0.046]
 [ 0.     0.187  0.106  0.657  0.049  0.001]
 [ 0.154  0.     0.083  0.02   0.67   0.074]
 [ 0.119  0.002  0.18   0.017  0.337  0.345]]

Means and vars of each hidden state
0th hidden state
mean = [ 85.56   76.895  68.219  69.045  64.565  59.279  86.6    68.094  48.213   30.013  29.948  29.881  11.713   8.559   4.659  16.767   8.363   0.117    3.315  -3.597  -2.371]
std  = [  5.711   4.531   4.556   4.059   4.445   6.291   8.135   8.917  11.152    0.106   0.112   0.121   3.096   2.305   2.8     5.845   2.866   0.239   2.73    5.779   5.118]

1th hidden state
mean = [ 34.611  29.161  23.446  29.419  23.358  16.696  91.39   78.564  63.905   30.174  30.027  29.884  10.927   6.638   2.147  17.751  10.6     0.079    5.103   0.616  -2.958]
std  = [  7.639   7.832   9.344   7.601   8.723  10.925   6.662   8.307  11.865    0.209   0.22    0.246   2.902   2.325   1.906   5.458   3.919   0.141   3.298   7.586   7.813]

2th hidden state
mean = [ 56.764  49.31   41.523  47.379  40.197  32.954  89.864  73.347  54.628   30.026  29.889  29.75   11.953   8.402   4.177  20.289  11.405   0.193    5.107  -1.363  -2.011]
std  = [  9.093   6.899   6.608   7.303   6.195   6.752   8.435  11.897  15.898    0.195   0.213   0.262   3.42    2.898   3.058   7.761   4.118   0.332   3.048   8.667   8.125]

3th hidden state
mean = [ 38.442  30.858  23.118  24.538  18.442  12.599  77.718  61.481  44.918   30.286  30.18   30.057  13.535  10.786   7.168  17.566  10.714   0.     2.652   0.454  -5.164]
std  = [ 14.013  13.018  12.72   11.388  11.813  12.692   9.594   9.446  11.872    0.198   0.204   0.222   3.635   2.86    3.377   5.269   3.845   0.001   2.607   7.144   7.188]

4th hidden state
mean = [ 74.533  64.568  54.607  53.932  48.362  42.471  79.056  57.601  37.719   30.123  30.055  29.978  13.476  10.71    7.387  15.453   8.186   0.     2.227  -0.35   -0.378]
std  = [  8.325   7.543   8.035   7.855   7.705   8.463  10.49    9.505  10.41     0.132   0.136   0.15    3.656   2.833   3.221   4.285   3.244   0.001     2.301   6.594   5.813]

5th hidden state
mean = [ 71.027  64.104  56.963  62.321  56.932  49.855  94.436  79.93   60.183   29.991  29.896  29.795  11.232   7.169   2.491  17.188   9.107   1.455    5.576  -1.798  -0.257]
std  = [  7.37    5.46    5.679   5.385   5.375   7.553   4.976   8.449  14.433    0.154   0.163   0.206   3.008   2.243   1.929   5.366   3.174  20.774   2.898   7.424   5.883]

(22998, 22)
Using PCA
fitting to HMM and decoding ...
done
Transition matrix
[[ 0.394  0.     0.199  0.003  0.014  0.052  0.228  0.     0.     0.109]
 [ 0.     0.444  0.     0.029  0.103  0.     0.     0.158  0.26   0.006]
 [ 0.112  0.     0.638  0.004  0.     0.195  0.05   0.     0.     0.001]
 [ 0.014  0.157  0.022  0.174  0.051  0.022  0.024  0.021  0.482  0.033]
 [ 0.001  0.039  0.     0.008  0.56   0.     0.113  0.126  0.038  0.113]
 [ 0.093  0.     0.296  0.001  0.     0.601  0.009  0.     0.     0.001]
 [ 0.133  0.     0.098  0.001  0.052  0.002  0.596  0.002  0.     0.117]
 [ 0.     0.181  0.     0.017  0.227  0.     0.     0.435  0.044  0.096]
 [ 0.     0.241  0.     0.055  0.128  0.     0.     0.021  0.551  0.004]
 [ 0.059  0.02   0.001  0.014  0.254  0.     0.17   0.084  0.008  0.39 ]]

Means and vars of each hidden state
0th hidden state
mean = [ 72.85   65.056  57.162  61.562  55.583  48.112  91.16   74.1    53.693   30.     29.906  29.807  12.04    8.272   3.691  17.796   9.375   0.265    4.868  -2.002  -1.239]
std  = [  6.627   4.999   5.226   4.781   4.796   7.094   7.528  11.072  15.368    0.15    0.159   0.199   3.424   2.733   2.788   6.186   3.451   0.409   2.953   7.489   6.178]

1th hidden state
mean = [ 31.583  25.368  18.95   25.035  18.503  11.455  87.35   74.044  59.477   30.24   30.103  29.963  11.749   7.789   3.263  17.492  10.547   0.023    4.284   0.327  -4.317]
std  = [ 4.52   4.003  5.318  4.675  4.139  5.829  6.828  6.92    9.789   0.191    0.202   0.225   3.082   2.335   2.576  4.988  3.689  0.048  3.294  7.329    7.238]

2th hidden state
mean = [ 81.949  72.451  62.974  62.033  56.99   51.357  80.671  59.739  39.994   30.089  30.032  29.967  12.783   9.992   6.781  14.653   7.537   0.     2.223  -1.044  -0.372]
std  = [ 5.847  4.851  5.222  4.99   4.816  6.241  9.341  8.549   9.854   0.108    0.111   0.12    3.547   2.661   3.078  3.79   2.857  0.002  2.229  6.031    5.231]

3th hidden state
mean = [ 29.243  23.114  13.927  24.12   13.704   3.423  84.472  68.339  51.632   30.246  30.067  29.892  13.155   8.304   2.993  23.694  13.337   4.036    3.841   1.276  -5.805]
std  = [ 18.946  18.539  18.704  17.654  17.923  19.057  10.946  10.673  11.905    0.247   0.278   0.328   3.564   3.554   3.492  13.209   5.39   40.38    3.191   9.464   9.057]

4th hidden state
mean = [ 46.622  38.986  31.222  31.381  26.044  20.786  79.385  61.714  43.806   30.217  30.112  29.996  13.397  10.729   7.356  17.533  10.382   0.     2.883   0.304  -3.623]
std  = [  7.516   5.616   5.18    5.379   5.064   5.981   9.468   9.641  12.037    0.188   0.196   0.217   3.662   2.842   3.217   5.322   3.883   0.002   2.705   7.467   7.341]

5th hidden state
mean = [ 86.783  78.381  69.975  71.294  67.215  62.353  88.797  71.42   51.534   29.994  29.927  29.86   11.409   8.161   3.978  17.713   8.689   0.219    3.731  -4.658  -2.99 ]
std  = [  5.475   4.138   3.921   3.088   3.276   5.014   7.195   8.371  11.035    0.103   0.108   0.117   2.846   2.137   2.625   6.445   2.804   0.442   2.841   5.373   4.884]

6th hidden state
mean = [ 67.723  57.547  47.352  47.022  41.118  35.219  78.032  56.643  36.915   30.149  30.069  29.98   13.625  10.923   7.604  16.427   8.952   0.     2.32   -0.19   -0.924]
std  = [  7.395   5.679   5.783   6.182   5.598   6.338  11.044   9.885  10.772    0.153   0.157   0.173   3.675   2.963   3.326   4.779   3.479   0.002   2.416   7.083   6.417]

7th hidden state
mean = [ 40.152  35.568  30.844  35.588  30.802  25.385  94.509  82.964  68.72    30.094  29.947  29.81   10.22    6.009   1.968  17.466  10.28    0.132    5.901   0.373  -1.133]
std  = [  4.871   3.792   4.266   4.473   3.814   5.15    4.904   7.032  11.443    0.199   0.216   0.243   2.485   2.077   1.692   5.187   3.635   0.212   3.042   7.614   7.713]

8th hidden state
mean = [ 23.054  15.664   8.097  11.561   4.148  -2.588  74.991  61.101  46.473   30.39   30.281  30.145  13.801  10.933   6.861  17.726  11.492   0.     2.263   0.897  -8.351]
std  = [  8.956   8.403   8.678   8.978   8.302   8.743   9.61    8.931  10.779    0.195   0.203   0.225   3.651   3.      3.666   4.908   3.725   0.003   2.375   6.409   5.859]

9th hidden state
mean = [ 56.917  49.445  41.739  48.578  41.039  33.506  91.186  75.17   56.369   30.02   29.876  29.73   11.829   8.162   3.719  20.504  11.656   0.233    5.42   -1.414  -1.753]
std  = [  6.74    4.948   5.25    6.344   5.412   6.43    7.625  11.279  15.594    0.201   0.217   0.272   3.392   2.816   2.764   7.021   4.098   0.357   2.978   8.849   8.323]

(22998, 22)
