  MaxT    MeanT   MinT    MaxD    MeanD   MinD     MaxH    MeanH  MinH     MaxP    MeanP   MinP    MaxV    MeanV   MinV    MaxW    MeanW   Rain   Cloud  WindDir WindDir




LGA#######################
(22133, 21)

fitting to HMM and decoding ... classes=2
Transition matrix
[[ 0.913  0.087]
 [ 0.074  0.926]]

n=1		0.90
n=2   0.90
n=3		0.85
n=4		0.84
n=7		0.84
n=14  0.79
naive:
[  9.576   8.714   8.292   8.848   9.181   9.718  12.409  11.784  12.447   0.16    0.171   0.184   3.166   1.635   3.351   4.739   3.164   0.183  2.252  58.536  62.609]
[  9.578   8.715   8.294   8.849   9.182   9.719  12.408  11.784  12.447   0.16    0.171   0.184   3.167   1.635   3.35    4.739   3.164   0.183  2.252  58.534  62.606]
[ 10.175   9.29    8.811   9.964  10.185  10.606  12.795  12.085  12.593   0.162   0.172   0.184   3.167   1.661   3.416   4.736   3.18    0.185  2.261  58.92   62.697]
[ 10.333   9.484   9.029  10.207  10.49   10.948  12.909  12.164  12.628   0.163   0.173   0.184   3.167   1.671   3.441   4.718   3.167   0.185  2.265  58.618  62.78 ]
[ 10.46    9.604   9.14   10.342  10.594  11.015  12.877  12.122  12.608   0.164   0.173   0.184   3.167   1.671   3.443   4.709   3.155   0.185  2.265  58.7    62.825]
[ 10.259   9.396   8.94   10.169  10.346  10.74   12.837  12.097  12.492   0.164   0.173   0.183   3.168   1.671   3.447   4.691   3.14    0.186  2.251  58.663  62.71 ]
[  5.687   4.417   3.879   6.591   6.666   6.612  11.763  11.053  12.053   0.127   0.154   0.163   0.07    1.229   2.976   5.353   3.33    0.208  1.988  61.487  60.47 ]
  MaxT    MeanT   MinT    MaxD    MeanD   MinD     MaxH    MeanH  MinH     MaxP    MeanP   MinP    MaxV    MeanV   MinV    MaxW    MeanW   Rain   Cloud  WindDir WindDir

fitting to HMM and decoding ... classes=4
Transition matrix
[[ 0.806  0.     0.039  0.155]
 [ 0.     0.763  0.153  0.083]
 [ 0.037  0.237  0.479  0.246]
 [ 0.131  0.037  0.181  0.65 ]]

n=1		0.65
n=2      0.65
n=3		0.51
n=4		0.48
n=7		0.47
n=14     0.18
naive:
[  8.58    7.778   7.441   8.607   8.97    9.512  11.791  11.855  12.66    0.154   0.163   0.175   3.037   2.068   3.155   4.658   3.175   0.206   2.181  58.638  63.524]
[  8.581   7.778   7.441   8.606   8.969   9.512  11.789  11.854  12.66    0.154   0.163   0.175   3.037   2.068   3.155   4.658   3.175   0.206   2.182  58.634  63.519]
[  9.522   8.703   8.304  10.342  10.729  11.048  14.253  14.077  14.161   0.163   0.176   0.189   3.038   2.252   3.727   4.728   3.203   0.223  2.389  59.023  64.758]
[  9.923   9.089   8.668  10.813  11.203  11.525  14.514  14.321  14.384   0.166   0.179   0.193   3.038   2.273   3.808   4.771   3.209   0.221  2.384  58.663  64.253]
[ 10.079   9.221   8.771  10.813  11.238  11.602  14.343  14.198  14.385   0.168   0.179   0.193   3.038   2.258   3.752   4.737   3.172   0.219  2.362  58.201  64.307]
[  8.684   8.085   7.92    9.745  10.119  10.372  13.678  13.099  12.9     0.16    0.169   0.18    2.915   2.195   3.722   4.559   2.993   0.196    2.29   57.204  61.818]
[  5.687   4.417   3.879   6.591   6.666   6.612  11.763  11.053  12.053   0.127   0.154   0.163   0.07    1.229   2.976   5.353   3.33    0.208  1.988  61.487  60.47 ]
  MaxT    MeanT   MinT    MaxD    MeanD   MinD     MaxH    MeanH  MinH     MaxP    MeanP   MinP    MaxV    MeanV   MinV    MaxW    MeanW   Rain   Cloud  WindDir WindDir

fitting to HMM and decoding ... classes=6
Transition matrix
[[ 0.592  0.     0.     0.012  0.061  0.335]
 [ 0.     0.486  0.368  0.084  0.062  0.   ]
 [ 0.     0.265  0.637  0.093  0.005  0.   ]
 [ 0.001  0.069  0.051  0.597  0.206  0.076]
 [ 0.039  0.086  0.035  0.282  0.467  0.09 ]
 [ 0.229  0.     0.     0.049  0.069  0.653]]

n=1		0.55
n=2      0.55
n=3		0.41
n=4		0.38
n=7		0.32
n=14     0.03
naive:
[  7.235   6.428   6.091   7.427   7.769   8.272  11.683  11.635  12.458   0.154   0.164   0.176   3.052   1.925   3.167   4.662   3.145   0.203  2.17   59.257  63.45 ]
[  7.236   6.429   6.092   7.427   7.77    8.273  11.683  11.635  12.46    0.154   0.164   0.176   3.052   1.925   3.168   4.662   3.146   0.203   2.17   59.257  63.445]
[  8.282   7.451   7.065   9.382   9.671   9.941  14.371  14.016  14.061   0.164   0.176   0.19    3.052   2.102   3.788   4.72    3.156   0.221  2.381  59.429  64.633]
[  8.705   7.856   7.419   9.78   10.077  10.419  14.613  14.315  14.369   0.166   0.179   0.193   3.054   2.132   3.873   4.735   3.166   0.22   2.383  58.689  64.386]
[  8.494   7.671   7.27    9.46    9.703  10.038  14.24   13.93   13.914   0.165   0.177   0.19    3.044   2.084   3.756   4.708   3.128   0.214  2.36   58.325  63.61 ]
[  6.381   6.086   6.149   8.187   8.316   8.745  13.807  13.14   12.972   0.16    0.169   0.182   3.085   2.062   3.746   4.297   2.928   0.177  2.399  57.875  57.748]
[  5.687   4.417   3.879   6.591   6.666   6.612  11.763  11.053  12.053   0.127   0.154   0.163   0.07    1.229   2.976   5.353   3.33    0.208  1.988  61.487  60.47 ]
  MaxT    MeanT   MinT    MaxD    MeanD   MinD     MaxH    MeanH  MinH     MaxP    MeanP   MinP    MaxV    MeanV   MinV    MaxW    MeanW   Rain   Cloud  WindDir WindDir

fitting to HMM and decoding ... classes=10
Transition matrix
[[ 0.501  0.036  0.     0.001  0.     0.     0.179  0.     0.092  0.192]
 [ 0.097  0.385  0.     0.081  0.055  0.     0.275  0.     0.003  0.103]
 [ 0.     0.     0.561  0.005  0.018  0.262  0.     0.153  0.     0.   ]
 [ 0.003  0.089  0.001  0.526  0.188  0.002  0.082  0.103  0.     0.005]
 [ 0.     0.071  0.01   0.234  0.468  0.073  0.032  0.101  0.     0.011]
 [ 0.     0.     0.274  0.021  0.095  0.421  0.     0.189  0.     0.   ]
 [ 0.101  0.188  0.     0.125  0.01   0.     0.483  0.     0.003  0.089]
 [ 0.     0.002  0.195  0.071  0.081  0.111  0.     0.54   0.     0.   ]
 [ 0.282  0.003  0.     0.001  0.001  0.     0.006  0.     0.536  0.171]
 [ 0.267  0.13   0.     0.005  0.007  0.     0.113  0.001  0.12   0.357]]

n=1		0.45
n=2      0.45
n=3		0.31
n=4		0.27
n=7		0.15
n=14     0.00
naive:
[  6.494   5.562   5.161   6.752   7.046   7.605  11.631  11.62   12.466   0.153   0.163   0.175   3.06    2.048   3.139   4.703   3.142   0.207  2.19   58.987  63.183]
[  6.494   5.562   5.161   6.751   7.045   7.605  11.626  11.617  12.465   0.153   0.163   0.175   3.06    2.048   3.138   4.702   3.142   0.207  2.19   58.991  63.168]
[  7.887   6.959   6.492   9.048   9.314   9.552  14.295  14.036  14.137   0.162   0.176   0.189   3.06    2.228   3.77    4.743   3.145   0.226  2.409  59.727  64.644]
[  8.376   7.467   6.983   9.592   9.87   10.201  14.739  14.51   14.476   0.166   0.179   0.193   3.063   2.263   3.909   4.737   3.147   0.225  2.413  58.748  64.742]
[  7.711   6.871   6.425   8.488   8.785   9.125  13.635  13.467  13.555   0.161   0.171   0.183   2.965   2.179   3.706   4.495   2.967   0.223  2.355  58.468  63.004]
[  6.844   5.809   4.915   4.186   5.382   6.717  14.291  13.924  13.53    0.119   0.137   0.133   2.533   1.74    3.774   5.304   2.261   0.242   1.882  66.057  72.78 ]
[  5.687   4.417   3.879   6.591   6.666   6.612  11.763  11.053  12.053   0.127   0.154   0.163   0.07    1.229   2.976   5.353   3.33    0.208  1.988  61.487  60.47 ]
  MaxT    MeanT   MinT    MaxD    MeanD   MinD     MaxH    MeanH  MinH     MaxP    MeanP   MinP    MaxV    MeanV   MinV    MaxW    MeanW   Rain   Cloud  WindDir WindDir




SFO#######################
(23461, 21)

fitting to HMM and decoding ... classes=2
Transition matrix
[[ 0.893  0.107]
 [ 0.15   0.85 ]]

n=1		0.88
n=2      0.88
n=3		0.84
n=4		0.83
n=7		0.82
n=14     0.75
naive:
[  5.389   4.328   4.149   4.189   4.378   5.446   6.012   7.948  10.873   0.098   0.099   0.103   3.996   1.072   2.48    5.321   3.379   0.123  2.037  39.786  48.332]
[  5.389   4.328   4.149   4.188   4.378   5.445   6.012   7.947  10.873   0.098   0.099   0.103   3.996   1.072   2.48    5.321   3.38    0.123  2.038  39.785  48.323]
[  5.488   4.389   4.167   4.24    4.46    5.543   6.004   7.941  10.88    0.099   0.099   0.103   3.996   1.072   2.48    5.374   3.406   0.124   2.052  40.334  48.831]
[  5.499   4.402   4.187   4.256   4.493   5.584   5.998   7.936  10.866   0.1     0.1     0.104   3.996   1.071   2.474   5.384   3.421   0.124  2.058  40.626  49.121]
[  5.509   4.411   4.207   4.273   4.527   5.64    5.997   7.927  10.838   0.102   0.102   0.105   3.996   1.071   2.468   5.413   3.427   0.125  2.054  40.76   49.398]
[  5.294   4.277   4.152   4.201   4.465   5.564   5.988   7.857  10.8     0.102   0.103   0.107   4.001   1.092   2.509   5.468   3.45    0.129    2.062  41.288  50.319]
[  3.693   2.337   2.184   2.72    2.325   3.053   5.023   6.29    9.776   0.067   0.07    0.074   0.043   0.6     2.053   5.008   3.049   0.076  1.591  39.612  31.022]
  MaxT    MeanT   MinT    MaxD    MeanD   MinD     MaxH    MeanH  MinH     MaxP    MeanP   MinP    MaxV    MeanV   MinV    MaxW    MeanW   Rain   Cloud  WindDir WindDir

fitting to HMM and decoding ... classes=4
Transition matrix
[[ 0.865  0.01   0.095  0.03 ]
 [ 0.02   0.583  0.026  0.371]
 [ 0.334  0.033  0.597  0.035]
 [ 0.045  0.165  0.017  0.773]]

n=1		0.67
n=2      0.67
n=3		0.57
n=4		0.55
n=7		0.49
n=14     0.24
naive:
[  5.285   3.739   3.158   3.607   3.824   5.175   5.924   8.408  12.239   0.088   0.092   0.099   4.575   1.451   2.386   5.45    3.513   0.166  1.877  40.29   50.048]
[  5.044   3.602   3.158   3.573   3.8     4.977   5.85    8.11   11.609   0.089   0.092   0.099   4.415   1.357   2.393   5.316   3.411   0.159  1.888  40.368  48.237]
[  5.433   3.875   3.363   3.799   3.995   5.199   5.992   8.509  12.277   0.095   0.099   0.107   4.416   1.36    2.471   5.42    3.515   0.166  2.018  41.154  48.222]
[  5.577   3.995   3.451   3.861   4.074   5.294   5.997   8.592  12.436   0.097   0.102   0.11    4.417   1.363   2.492   5.436   3.536   0.169  2.058  41.541  48.275]
[  5.384   3.887   3.494   3.885   4.122   5.362   6.015   8.64   12.515   0.099   0.104   0.113   4.423   1.388   2.504   5.439   3.529   0.177  2.083  42.921  48.965]
[  4.626   3.346   3.493   3.827   4.373   5.836   6.085   9.003  13.079   0.1     0.108   0.118   4.538   1.596   2.457   5.505   3.469   0.179  2.111  43.505  49.031]
[  3.693   2.337   2.184   2.72    2.325   3.053   5.023   6.29    9.776   0.067   0.07    0.074   0.043   0.6     2.053   5.008   3.049   0.076  1.591  39.612  31.022]
  MaxT    MeanT   MinT    MaxD    MeanD   MinD     MaxH    MeanH  MinH     MaxP    MeanP   MinP    MaxV    MeanV   MinV    MaxW    MeanW   Rain   Cloud  WindDir WindDir

fitting to HMM and decoding ... classes=6
Transition matrix
[[ 0.662  0.039  0.084  0.034  0.083  0.098]
 [ 0.051  0.693  0.     0.147  0.052  0.057]
 [ 0.049  0.     0.885  0.001  0.043  0.023]
 [ 0.075  0.234  0.005  0.5    0.09   0.095]
 [ 0.156  0.039  0.093  0.061  0.609  0.042]
 [ 0.128  0.165  0.101  0.047  0.048  0.511]]

n=1		0.57
n=2      0.57
n=3		0.45
n=4		0.41
n=7		0.30
n=14     0.05
naive:
[  4.92    3.733   3.486   3.939   4.093   5.002   5.741   7.715  10.515   0.095   0.097   0.102   4.252   1.472   2.4     5.109   3.267   0.146  1.84   39.797  45.853]
[  4.919   3.733   3.486   3.939   4.093   5.002   5.741   7.716  10.516   0.095   0.097   0.102   4.252   1.472   2.4     5.108   3.267   0.146  1.84   39.792  45.845]
[  5.149   3.891   3.684   4.186   4.527   5.655   6.424   9.018  12.11    0.101   0.104   0.11    4.253   1.476   2.58    5.287   3.405   0.154   2.068  41.229  46.635]
[  5.252   3.963   3.756   4.259   4.697   5.934   6.622   9.406  12.661   0.104   0.108   0.114   4.254   1.48    2.617   5.291   3.407   0.158  2.155  42.226  46.871]
[  5.126   3.895   3.753   4.102   4.597   5.911   6.458   9.424  12.839   0.104   0.107   0.113   4.229   1.475   2.61    5.312   3.386   0.156  2.2    43.105  46.015]
[  4.336   3.375   3.31    3.283   3.32    4.279   5.034   6.411   8.847   0.071   0.072   0.075   4.022   0.999   2.105   4.124   2.709   0.077  1.926  34.21   28.387]
[  3.693   2.337   2.184   2.72    2.325   3.053   5.023   6.29    9.776   0.067   0.07    0.074   0.043   0.6     2.053   5.008   3.049   0.076  1.591  39.612  31.022]
  MaxT    MeanT   MinT    MaxD    MeanD   MinD     MaxH    MeanH  MinH     MaxP    MeanP   MinP    MaxV    MeanV   MinV    MaxW    MeanW   Rain   Cloud  WindDir WindDir

fitting to HMM and decoding ... classes=10
Transition matrix
[[ 0.72   0.002  0.069  0.013  0.016  0.063  0.003  0.086  0.     0.027]
 [ 0.004  0.442  0.     0.028  0.114  0.128  0.136  0.004  0.131  0.013]
 [ 0.129  0.     0.755  0.003  0.009  0.003  0.     0.071  0.     0.031]
 [ 0.025  0.035  0.007  0.603  0.152  0.083  0.031  0.018  0.042  0.004]
 [ 0.029  0.16   0.009  0.142  0.492  0.112  0.012  0.001  0.024  0.018]
 [ 0.068  0.093  0.     0.056  0.03   0.589  0.09   0.05   0.015  0.007]
 [ 0.002  0.105  0.     0.026  0.009  0.121  0.505  0.039  0.19   0.002]
 [ 0.224  0.001  0.166  0.015  0.001  0.038  0.018  0.506  0.     0.031]
 [ 0.     0.133  0.     0.073  0.054  0.019  0.079  0.     0.641  0.001]
 [ 0.106  0.014  0.104  0.001  0.046  0.03   0.003  0.045  0.002  0.648]]

n=1		0.45
n=2      0.48
n=3		0.35
n=4		0.29
n=7		0.13
n=14     0.01
naive:
[  4.701   3.375   2.891   3.406   3.364   4.202   5.547   7.286  10.407   0.088   0.091   0.097   5.272   2.253   2.223   5.057   3.231   0.342  1.859  39.536  45.702]
[  4.609   3.268   2.854   3.305   3.289   4.128   5.465   7.217  10.343   0.086   0.09    0.096   4.616   1.894   2.273   5.003   3.201   0.22   1.824  39.288  43.764]
[  5.258   3.697   3.183   3.843   3.921   4.883   6.017   8.467  11.996   0.094   0.099   0.106   4.627   1.929   2.44    5.184   3.384   0.23   2.055  41.147  44.59 ]
[  5.372   3.807   3.351   4.029   4.208   5.276   6.188   8.849  12.573   0.098   0.103   0.111   4.682   1.995   2.534   5.2     3.418   0.239  2.145  42.574  45.303]
[  4.839   3.487   3.309   3.896   4.121   5.208   6.102   8.582  12.215   0.095   0.101   0.109   5.029   2.175   2.49    5.165   3.378   0.291  2.104  42.705  45.231]
[  5.718   4.376   4.1     4.      3.86    4.985   6.317   8.015  11.859   0.073   0.075   0.083   6.047   2.15    1.878   4.144   3.112   0.408  2.065  38.826  30.164]
[  3.693   2.337   2.184   2.72    2.325   3.053   5.023   6.29    9.776   0.067   0.07    0.074   0.043   0.6     2.053   5.008   3.049   0.076  1.591  39.612  31.022]
  MaxT    MeanT   MinT    MaxD    MeanD   MinD     MaxH    MeanH  MinH     MaxP    MeanP   MinP    MaxV    MeanV   MinV    MaxW    MeanW   Rain   Cloud  WindDir WindDir




ORD#######################
(22630, 21)

fitting to HMM and decoding ... classes=2
Transition matrix
[[ 0.939  0.061]
 [ 0.072  0.928]]

n=1		0.91
n=2      0.91
n=3		0.87
n=4		0.85
n=7		0.84
n=14     0.79
naive:
[ 10.959   9.794   9.528   8.921   9.243   9.945   8.156   9.842  12.577   0.147   0.157   0.17    2.401   1.286   3.402   4.604   2.917   0.128  2.152  63.764  60.155]
[ 10.96    9.795   9.529   8.921   9.244   9.945   8.156   9.843  12.578   0.147   0.157   0.17    2.401   1.286   3.402   4.604   2.917   0.128  2.152  63.765  60.152]
[ 11.657  10.508  10.203   9.949  10.13   10.669   8.213   9.831  12.513   0.15    0.16    0.171   2.401   1.287   3.405   4.577   2.878   0.129  2.142  64.057  59.959]
[ 11.837  10.757  10.506  10.295  10.491  11.046   8.231   9.823  12.468   0.152   0.161   0.171   2.4     1.286   3.407   4.573   2.868   0.129  2.138  63.988  59.905]
[ 12.21   11.083  10.782  10.706  10.885  11.379   8.255   9.817  12.458   0.152   0.161   0.172   2.399   1.285   3.407   4.562   2.869   0.129  2.135  64.001  59.976]
[ 11.817  10.709  10.453  10.275  10.484  11.01    8.143   9.68   12.377   0.152   0.162   0.172   2.402   1.318   3.411   4.532   2.841   0.129  2.142  63.576  60.   ]
[  6.325   4.974   5.192   6.336   5.998   5.903   7.733   8.602  11.298   0.122   0.143   0.148   0.138   1.293   3.029   5.195   3.212   0.148  1.909  64.612  58.199]
  MaxT    MeanT   MinT    MaxD    MeanD   MinD     MaxH    MeanH  MinH     MaxP    MeanP   MinP    MaxV    MeanV   MinV    MaxW    MeanW   Rain   Cloud  WindDir WindDir

fitting to HMM and decoding ... classes=4
Transition matrix
[[ 0.711  0.049  0.24   0.   ]
 [ 0.031  0.689  0.091  0.189]
 [ 0.348  0.081  0.555  0.016]
 [ 0.001  0.25   0.028  0.721]]

n=1		0.64
n=2      0.64
n=3		0.50
n=4		0.47
n=7		0.44
n=14     0.18
naive:
[ 10.704   9.417   8.925   8.821   8.916   9.511   7.679   9.38   12.029   0.142   0.154   0.166   2.19    1.698   3.199   4.588   2.917   0.145  1.992  64.397  60.667]
[ 10.705   9.418   8.926   8.822   8.917   9.512   7.68    9.382  12.03    0.142   0.154   0.166   2.191   1.699   3.199   4.588   2.917   0.145   1.992  64.4    60.664]
[ 11.577  10.399   9.99   10.225  10.308  10.754   8.42   10.488  13.155   0.155   0.17    0.183   2.19    1.914   3.664   4.64    2.942   0.154  2.199  64.677  60.696]
[ 11.959  10.852  10.474  10.831  10.864  11.259   8.607  10.826  13.54    0.159   0.174   0.187   2.19    1.961   3.757   4.626   2.917   0.155   2.239  64.637  60.629]
[ 11.826  10.787  10.51   10.949  10.964  11.311   8.561  10.76   13.508   0.16    0.174   0.187   2.186   1.939   3.691   4.641   2.95    0.154  2.23   63.876  60.871]
[ 10.218   9.62    9.653  10.573  10.487  10.724   8.41   10.242  12.857   0.167   0.181   0.19    2.124   1.971   3.712   4.681   2.881   0.159  2.139  63.284  60.676]
[  6.325   4.974   5.192   6.336   5.998   5.903   7.733   8.602  11.298   0.122   0.143   0.148   0.138   1.293   3.029   5.195   3.212   0.148  1.909  64.612  58.199]
  MaxT    MeanT   MinT    MaxD    MeanD   MinD     MaxH    MeanH  MinH     MaxP    MeanP   MinP    MaxV    MeanV   MinV    MaxW    MeanW   Rain   Cloud  WindDir WindDir

fitting to HMM and decoding ... classes=6
Transition matrix
[[ 0.567  0.     0.     0.042  0.206  0.185]
 [ 0.     0.687  0.266  0.046  0.     0.001]
 [ 0.     0.183  0.68   0.101  0.     0.036]
 [ 0.06   0.03   0.147  0.504  0.005  0.254]
 [ 0.164  0.     0.     0.001  0.712  0.122]
 [ 0.118  0.     0.065  0.135  0.04   0.642]]

n=1		0.59
n=2      0.59
n=3		0.45
n=4		0.41
n=7		0.33
n=14     0.05
naive:
[  8.33    7.232   7.019   7.367   7.431   7.879   7.657   9.303  11.786   0.141   0.154   0.166   2.226   1.716   3.169   4.585   2.883   0.142  2.025  64.846  59.723]
[  8.331   7.232   7.019   7.367   7.431   7.88    7.657   9.304  11.786   0.141   0.154   0.166   2.226   1.716   3.169   4.585   2.883   0.142  2.025  64.85   59.719]
[  9.665   8.695   8.567   9.403   9.393   9.653   8.453  10.48   12.993   0.155   0.171   0.183   2.226   1.928   3.609   4.672   2.919   0.152  2.243  65.16   60.125]
[ 10.238   9.322   9.216  10.093  10.138  10.448   8.708  10.887  13.398   0.16    0.176   0.19    2.226   1.966   3.693   4.658   2.908   0.153  2.279  64.874  60.37 ]
[ 10.368   9.526   9.488  10.361  10.449  10.727   8.619  10.838  13.295   0.158   0.173   0.186   2.237   1.928   3.646   4.672   2.9     0.154  2.266  64.674  60.092]
[  8.071   7.814   8.501   8.866   9.284  10.019   7.873   9.887  12.315   0.13    0.143   0.154   2.277   1.826   3.728   4.409   2.667   0.16   2.198  66.341  59.969]
[  6.325   4.974   5.192   6.336   5.998   5.903   7.733   8.602  11.298   0.122   0.143   0.148   0.138   1.293   3.029   5.195   3.212   0.148  1.909  64.612  58.199]
  MaxT    MeanT   MinT    MaxD    MeanD   MinD     MaxH    MeanH  MinH     MaxP    MeanP   MinP    MaxV    MeanV   MinV    MaxW    MeanW   Rain   Cloud  WindDir WindDir

fitting to HMM and decoding ... classes=10
Transition matrix
[[ 0.648  0.056  0.     0.043  0.     0.055  0.     0.196  0.     0.001]
 [ 0.125  0.281  0.     0.126  0.043  0.315  0.     0.027  0.     0.083]
 [ 0.     0.001  0.661  0.     0.01   0.     0.237  0.     0.091  0.   ]
 [ 0.133  0.13   0.     0.383  0.021  0.141  0.     0.075  0.003  0.113]
 [ 0.     0.016  0.002  0.003  0.532  0.13   0.075  0.     0.065  0.175]
 [ 0.103  0.14   0.     0.061  0.07   0.566  0.001  0.003  0.     0.055]
 [ 0.     0.     0.109  0.     0.163  0.     0.5    0.     0.205  0.024]
 [ 0.278  0.036  0.     0.056  0.001  0.008  0.     0.621  0.     0.   ]
 [ 0.     0.     0.099  0.     0.074  0.     0.262  0.     0.487  0.079]
 [ 0.     0.024  0.005  0.045  0.263  0.074  0.063  0.     0.106  0.42 ]]

n=1		0.47
n=2      0.47
n=3		0.31
n=4		0.27
n=7		0.13
n=14     0.00
naive:
[  7.621   6.377   6.195   6.714   6.752   7.176   7.643   9.193  11.668   0.14    0.154   0.168   2.264   1.757   3.145   4.651   2.937   0.144  2.047  64.935  59.562]
[  7.622   6.378   6.196   6.713   6.752   7.177   7.641   9.192  11.668   0.14    0.154   0.168   2.264   1.757   3.145   4.65    2.937   0.144  2.046  64.938  59.548]
[  9.279   8.172   8.039   9.006   8.972   9.219   8.562  10.696  13.206   0.156   0.174   0.188   2.265   2.002   3.62    4.788   2.999   0.155  2.3    65.387  60.66 ]
[  9.883   8.84    8.722   9.766   9.739  10.009   8.8    11.118  13.684   0.16    0.178   0.193   2.267   2.054   3.703   4.758   2.997   0.154  2.326  64.919  61.052]
[  9.485   8.667   8.782   9.372   9.522   9.916   8.623  10.618  12.841   0.153   0.167   0.178   2.32    1.991   3.612   4.653   2.862   0.135  2.328  64.583  59.617]
[  6.288   6.329   7.089   7.682   8.145   8.724   6.445   8.705  11.389   0.137   0.149   0.148   2.097   1.47    3.857   4.03    1.981   0.142  1.994  72.243  58.591]
[  6.325   4.974   5.192   6.336   5.998   5.903   7.733   8.602  11.298   0.122   0.143   0.148   0.138   1.293   3.029   5.195   3.212   0.148  1.909  64.612  58.199]
