['Max TemperatureF' 'Mean TemperatureF' 'Min TemperatureF' 'Max Dew PointF'
 'MeanDew PointF' 'Min DewpointF' 'Max Humidity' ' Mean Humidity'
 ' Min Humidity' ' Max Sea Level PressureIn' ' Mean Sea Level PressureIn'
 ' Min Sea Level PressureIn' ' Max VisibilityMiles' ' Mean VisibilityMiles'
 ' Min VisibilityMiles' ' Max Wind SpeedMPH' ' Mean Wind SpeedMPH'
 'PrecipitationIn' ' CloudCover' ' WindDirDegrees']



LGA#######################
(22133, 21)

  MaxT    MeanT   MinT    MaxD    MeanD   MinD     MaxH    MeanH  MinH     MaxP    MeanP   MinP    MaxV    MeanV   MinV    MaxW    MeanW   Rain   Cloud  WindDir WindDir

fitting to HMM and decoding ... classes=2
Transition matrix
[[ 0.927  0.073]
 [ 0.087  0.913]]

n=1		0.90
n=2		0.90
n=3		0.86
n=4		0.85
n=7		0.84
n=14  0.80
naive:
[  9.569   8.701   8.273   8.869   9.187   9.713  12.429  11.786  12.446   0.16    0.171   0.184   3.173   1.638   3.352   4.733   3.165   0.183  2.253   6.042   6.737]
[  9.571   8.702   8.275   8.869   9.187   9.714  12.428  11.785  12.446   0.16    0.171   0.184   3.174   1.638   3.352   4.733   3.165   0.183  2.253   6.042   6.736]
[ 10.139   9.257   8.778   9.924  10.143  10.558  12.784  12.068  12.58    0.162   0.172   0.184   3.174   1.662   3.411   4.729   3.178   0.184   2.262   6.084   6.761]
[ 10.286   9.436   8.984  10.152  10.422  10.883  12.888  12.15   12.62    0.163   0.173   0.184   3.174   1.671   3.435   4.717   3.17    0.185   2.265   6.044   6.774]
[ 10.424   9.569   9.106  10.322  10.566  10.985  12.887  12.118  12.601   0.164   0.173   0.184   3.174   1.672   3.439   4.711   3.162   0.184  2.266   6.058   6.789]
[ 10.325   9.458   8.99   10.222  10.394  10.778  12.856  12.094  12.503   0.164   0.173   0.183   3.176   1.673   3.448   4.697   3.16    0.186  2.257   6.068   6.791]
[  5.687   4.417   3.879   6.591   6.666   6.612  11.763  11.053  12.053   0.127   0.154   0.163   0.07    1.229   2.976   5.353   3.33    0.208  1.988   6.679   6.891]
  MaxT    MeanT   MinT    MaxD    MeanD   MinD     MaxH    MeanH  MinH     MaxP    MeanP   MinP    MaxV    MeanV   MinV    MaxW    MeanW   Rain   Cloud  WindDir WindDir

fitting to HMM and decoding ... classes=4
Transition matrix
[[ 0.648  0.186  0.126  0.039]
 [ 0.253  0.474  0.043  0.229]
 [ 0.147  0.044  0.809  0.   ]
 [ 0.088  0.148  0.     0.764]]

n=1		0.65
n=2		0.65
n=3		0.51
n=4		0.48
n=7		0.47
n=14		0.18
naive:
[  8.651   7.847   7.513   8.631   9.002   9.555  11.79   11.882  12.691   0.154   0.163   0.175   3.043   2.071   3.159   4.663   3.18    0.208  2.179   6.072   6.939]
[  8.651   7.847   7.513   8.631   9.002   9.555  11.788  11.882  12.692   0.154   0.163   0.175   3.043   2.071   3.158   4.663   3.181   0.208  2.18    6.071   6.939]
[  9.598   8.763   8.353  10.371  10.756  11.079  14.233  14.077  14.172   0.163   0.176   0.189   3.043   2.253   3.725   4.739   3.215   0.225  2.393   6.129   7.111]
[ 10.019   9.18    8.749  10.845  11.264  11.624  14.497  14.341  14.424   0.167   0.18    0.194   3.044   2.275   3.809   4.781   3.227   0.223  2.387   6.097   7.019]
[ 10.229   9.346   8.883  10.884  11.307  11.683  14.349  14.198  14.37    0.168   0.18    0.194   3.048   2.264   3.757   4.762   3.191   0.221   2.37    6.042   6.994]
[  8.664   8.077   7.908   9.695  10.053  10.368  13.454  12.956  12.836   0.16    0.168   0.179   2.944   2.232   3.705   4.565   3.022   0.197  2.336   5.857   6.646]
[  5.687   4.417   3.879   6.591   6.666   6.612  11.763  11.053  12.053   0.127   0.154   0.163   0.07    1.229   2.976   5.353   3.33    0.208  1.988   6.679   6.891]
  MaxT    MeanT   MinT    MaxD    MeanD   MinD     MaxH    MeanH  MinH     MaxP    MeanP   MinP    MaxV    MeanV   MinV    MaxW    MeanW   Rain   Cloud  WindDir WindDir

fitting to HMM and decoding ... classes=6
Transition matrix
[[ 0.597  0.001  0.204  0.077  0.051  0.07 ]
 [ 0.012  0.593  0.062  0.334  0.     0.   ]
 [ 0.282  0.04   0.465  0.091  0.035  0.087]
 [ 0.049  0.229  0.071  0.651  0.     0.   ]
 [ 0.094  0.     0.005  0.     0.637  0.264]
 [ 0.085  0.     0.061  0.     0.369  0.484]]

n=1		0.55
n=2		0.55
n=3		0.41
n=4		0.38
n=7		0.32
n=14		0.03
naive:
[  7.24    6.436   6.095   7.408   7.74    8.253  11.709  11.665  12.489   0.154   0.164   0.176   3.055   1.924   3.178   4.664   3.146   0.204  2.168   6.142   6.931]
[  7.241   6.437   6.096   7.408   7.741   8.254  11.709  11.666  12.491   0.154   0.164   0.176   3.055   1.924   3.178   4.664   3.146   0.204  2.168   6.142   6.93 ]
[  8.281   7.454   7.068   9.387   9.668   9.937  14.396  14.035  14.073   0.164   0.177   0.19    3.055   2.1     3.793   4.725   3.163   0.221  2.381   6.164   7.056]
[  8.724   7.872   7.429   9.781  10.083  10.435  14.603  14.311  14.375   0.166   0.179   0.193   3.056   2.126   3.869   4.736   3.172   0.221  2.381   6.077   7.001]
[  8.496   7.687   7.28    9.47    9.721  10.061  14.216  13.938  13.922   0.165   0.177   0.191   3.044   2.081   3.761   4.682   3.106   0.216  2.352   5.999   6.906]
[  6.437   6.096   6.137   8.459   8.455   8.734  14.012  13.119  12.88    0.162   0.171   0.185   3.131   2.047   3.776   4.241   2.924   0.182   2.402   5.833   6.259]
[  5.687   4.417   3.879   6.591   6.666   6.612  11.763  11.053  12.053   0.127   0.154   0.163   0.07    1.229   2.976   5.353   3.33    0.208  1.988   6.679   6.891]
  MaxT    MeanT   MinT    MaxD    MeanD   MinD     MaxH    MeanH  MinH     MaxP    MeanP   MinP    MaxV    MeanV   MinV    MaxW    MeanW   Rain   Cloud  WindDir WindDir

fitting to HMM and decoding ... classes=10
Transition matrix
[[ 0.244  0.     0.033  0.042  0.115  0.071  0.341  0.     0.     0.155]
 [ 0.     0.544  0.024  0.     0.008  0.     0.     0.244  0.18   0.001]
 [ 0.064  0.007  0.444  0.001  0.253  0.     0.018  0.106  0.069  0.037]
 [ 0.041  0.     0.     0.381  0.     0.354  0.111  0.     0.     0.113]
 [ 0.071  0.002  0.175  0.     0.561  0.     0.054  0.097  0.002  0.038]
 [ 0.018  0.     0.001  0.207  0.001  0.572  0.185  0.     0.     0.017]
 [ 0.166  0.     0.004  0.066  0.09   0.098  0.493  0.     0.     0.083]
 [ 0.001  0.146  0.072  0.     0.062  0.     0.     0.579  0.139  0.001]
 [ 0.001  0.181  0.097  0.     0.019  0.     0.     0.217  0.485  0.001]
 [ 0.252  0.     0.07   0.098  0.048  0.044  0.18   0.002  0.     0.306]]

n=1		0.44
n=2		0.44
n=3		0.29
n=4		0.26
n=7		0.13
n=14		0.00
naive:
[  6.647   5.73    5.347   6.874   7.195   7.792  11.543  11.548  12.415   0.153   0.162   0.173   3.065   2.001   3.138   4.66    3.141   0.201  2.203   6.147   7.014]
[  6.638   5.722   5.34    6.876   7.197   7.792  11.541  11.543  12.407   0.153   0.162   0.173   3.066   2.001   3.138   4.661   3.14    0.201  2.203   6.149   7.014]
[  8.043   7.13    6.68    9.145   9.485   9.776  14.556  14.253  14.287   0.162   0.175   0.188   3.069   2.204   3.842   4.719   3.165   0.219  2.43    6.224   7.255]
[  8.554   7.653   7.175   9.577   9.936  10.342  14.767  14.539  14.565   0.165   0.178   0.192   3.075   2.226   3.918   4.735   3.172   0.217  2.424   6.123   7.147]
[  7.829   7.068   6.715   8.519   8.866   9.333  13.614  13.231  13.361   0.156   0.166   0.179   3.109   2.157   3.662   4.509   3.042   0.19   2.4     5.967   6.805]
[  5.432   5.357   6.081   7.538   7.899   8.776  13.39   11.831   9.795   0.187   0.185   0.18    3.016   1.974   3.829   4.367   3.472   0.154  2.631   5.544   5.745]
[  5.687   4.417   3.879   6.591   6.666   6.612  11.763  11.053  12.053   0.127   0.154   0.163   0.07    1.229   2.976   5.353   3.33    0.208  1.988   6.679   6.891]
['Max TemperatureF' 'Mean TemperatureF' 'Min TemperatureF' 'Max Dew PointF'
 'MeanDew PointF' 'Min DewpointF' 'Max Humidity' ' Mean Humidity'
 ' Min Humidity' ' Max Sea Level PressureIn' ' Mean Sea Level PressureIn'
 ' Min Sea Level PressureIn' ' Max VisibilityMiles' ' Mean VisibilityMiles'
 ' Min VisibilityMiles' ' Max Wind SpeedMPH' ' Mean Wind SpeedMPH'
 'PrecipitationIn' ' CloudCover' ' WindDirDegrees']



SFO#######################
(23461, 21)

  MaxT    MeanT   MinT    MaxD    MeanD   MinD     MaxH    MeanH  MinH     MaxP    MeanP   MinP    MaxV    MeanV   MinV    MaxW    MeanW   Rain   Cloud  WindDir WindDir

fitting to HMM and decoding ... classes=2
Transition matrix
[[ 0.915  0.085]
 [ 0.07   0.93 ]]

n=1		0.87
n=2		0.87
n=3		0.84
n=4		0.83
n=7		0.81
n=14		0.75
naive:
[  5.41    4.069   3.64    3.845   3.888   4.757   6.051   8.022  10.946   0.093   0.094   0.099   3.981   1.184   2.459   5.332   3.444   0.106  2.141   3.579   4.94 ]
[  5.41    4.07    3.64    3.845   3.888   4.756   6.05    8.022  10.946   0.093   0.094   0.099   3.981   1.184   2.459   5.332   3.444   0.106  2.142   3.579   4.939]
[  5.467   4.152   3.759   4.002   4.091   5.018   6.067   8.05   10.974   0.097   0.097   0.102   3.981   1.184   2.451   5.368   3.473   0.107  2.14    3.583   4.977]
[  5.448   4.156   3.793   4.019   4.162   5.131   6.074   8.072  10.985   0.098   0.098   0.103   3.981   1.184   2.45    5.367   3.486   0.107  2.14    3.585   4.993]
[  5.444   4.188   3.856   4.062   4.242   5.266   6.086   8.104  11.009   0.1     0.101   0.104   3.981   1.184   2.445   5.401   3.504   0.108  2.138   3.574   5.022]
[  5.308   4.093   3.835   4.028   4.236   5.287   6.047   8.08   11.019   0.099   0.1     0.104   3.982   1.197   2.458   5.431   3.533   0.108  2.138   3.564   5.056]
[ 3.693  2.337  2.184  2.72   2.325  3.053  5.023  6.29   9.776  0.067
  0.07   0.074  0.043  0.6    2.053  5.008  3.049  0.076  1.591  3.447
  4.07 ]
  MaxT    MeanT   MinT    MaxD    MeanD   MinD     MaxH    MeanH  MinH     MaxP    MeanP   MinP    MaxV    MeanV   MinV    MaxW    MeanW   Rain   Cloud  WindDir WindDir

fitting to HMM and decoding ... classes=4
Transition matrix
[[ 0.783  0.009  0.043  0.166]
 [ 0.014  0.539  0.372  0.074]
 [ 0.027  0.037  0.886  0.05 ]
 [ 0.279  0.017  0.081  0.623]]

n=1		0.66
n=2		0.66
n=3		0.55
n=4		0.52
n=7		0.47
n=14		0.21
naive:
[  5.404   3.939   3.419   3.691   3.843   4.837   5.931   8.076  11.033   0.089   0.091   0.098   4.229   1.203   2.494   5.223   3.411   0.17   1.871   3.526   5.058]
[  5.404   3.939   3.42    3.691   3.843   4.838   5.931   8.077  11.034   0.089   0.091   0.098   4.229   1.204   2.494   5.222   3.411   0.17   1.871   3.526   5.057]
[  6.095   4.353   3.644   3.932   4.076   5.161   6.246   8.868  12.253   0.096   0.099   0.106   4.229   1.204   2.575   5.308   3.523   0.175  2.08    3.664   5.106]
[  6.347   4.526   3.747   3.997   4.15    5.27    6.285   9.081  12.644   0.099   0.102   0.109   4.228   1.203   2.585   5.347   3.557   0.177  2.158   3.76    5.121]
[  6.232   4.484   3.786   3.993   4.173   5.266   6.264   9.036  12.626   0.1     0.104   0.111   4.223   1.213   2.619   5.367   3.561   0.177  2.211   3.896   5.126]
[  4.47    3.591   3.819   3.976   4.337   5.264   6.006   8.418  11.678   0.108   0.117   0.129   4.157   1.316   2.812   5.811   3.652   0.166  2.232   3.938   5.202]
[ 3.693  2.337  2.184  2.72   2.325  3.053  5.023  6.29   9.776  0.067
  0.07   0.074  0.043  0.6    2.053  5.008  3.049  0.076  1.591  3.447
  4.07 ]
  MaxT    MeanT   MinT    MaxD    MeanD   MinD     MaxH    MeanH  MinH     MaxP    MeanP   MinP    MaxV    MeanV   MinV    MaxW    MeanW   Rain   Cloud  WindDir WindDir

fitting to HMM and decoding ... classes=6
Transition matrix
[[ 0.703  0.003  0.051  0.149  0.002  0.091]
 [ 0.001  0.604  0.083  0.022  0.28   0.01 ]
 [ 0.027  0.055  0.696  0.069  0.067  0.086]
 [ 0.161  0.015  0.129  0.548  0.011  0.136]
 [ 0.     0.088  0.053  0.007  0.851  0.001]
 [ 0.212  0.023  0.125  0.084  0.     0.557]]

n=1		0.59
n=2		0.59
n=3		0.47
n=4		0.44
n=7		0.33
n=14		0.09
naive:
[  5.149   3.504   3.023   3.404   3.526   4.579   5.531   7.72   11.354   0.089   0.093   0.1     4.321   1.671   2.289   5.089   3.339   0.16   1.919   3.736   4.725]
[  5.149   3.504   3.023   3.404   3.526   4.579   5.531   7.721  11.356   0.089   0.093   0.1     4.322   1.671   2.288   5.088   3.339   0.16   1.919   3.735   4.725]
[  5.652   3.883   3.301   3.882   4.014   5.12    6.033   8.666  12.566   0.095   0.1     0.108   4.321   1.693   2.478   5.261   3.504   0.168  2.082   3.892   4.832]
[  5.787   4.01    3.434   4.02    4.191   5.346   6.143   8.945  12.934   0.098   0.103   0.111   4.323   1.706   2.55    5.295   3.526   0.172  2.147   3.991   4.864]
[  5.509   3.844   3.432   3.995   4.263   5.489   6.089   9.024  13.153   0.099   0.105   0.113   4.359   1.753   2.539   5.35    3.553   0.174  2.146   4.052   4.692]
[  5.282   3.37    3.668   3.59    4.167   5.842   5.414   8.281  13.037   0.083   0.089   0.097   4.56    1.558   2.16    4.624   3.062   0.147  1.933   3.746   3.953]
[ 3.693  2.337  2.184  2.72   2.325  3.053  5.023  6.29   9.776  0.067
  0.07   0.074  0.043  0.6    2.053  5.008  3.049  0.076  1.591  3.447
  4.07 ]
  MaxT    MeanT   MinT    MaxD    MeanD   MinD     MaxH    MeanH  MinH     MaxP    MeanP   MinP    MaxV    MeanV   MinV    MaxW    MeanW   Rain   Cloud  WindDir WindDir

fitting to HMM and decoding ... classes=10
Transition matrix
[[ 0.369  0.003  0.028  0.017  0.053  0.161  0.27   0.076  0.014  0.009]
 [ 0.001  0.517  0.     0.002  0.022  0.01   0.001  0.098  0.328  0.021]
 [ 0.019  0.001  0.633  0.088  0.     0.097  0.131  0.024  0.     0.007]
 [ 0.008  0.009  0.191  0.521  0.001  0.006  0.114  0.1    0.     0.048]
 [ 0.036  0.035  0.     0.004  0.603  0.023  0.01   0.114  0.141  0.033]
 [ 0.087  0.018  0.092  0.035  0.028  0.557  0.06   0.105  0.013  0.005]
 [ 0.073  0.     0.136  0.209  0.002  0.045  0.434  0.072  0.     0.03 ]
 [ 0.013  0.067  0.007  0.058  0.034  0.038  0.044  0.668  0.061  0.009]
 [ 0.001  0.083  0.     0.001  0.042  0.005  0.     0.052  0.815  0.001]
 [ 0.017  0.102  0.022  0.211  0.107  0.014  0.073  0.046  0.008  0.399]]

n=1		0.47
n=2		0.48
n=3		0.35
n=4		0.31
n=7		0.13
n=14		0.03
  0.062  0.063  6.098  2.024  1.602  3.554  2.521  0.096  1.731  3.271
[  4.788   3.419   2.961   3.648   3.741   4.648   5.861   7.793  10.455   0.091   0.094   0.099   5.172   2.299   2.341   5.169   3.375   0.206  1.93    3.924   4.807]
[  4.723   3.338   2.983   3.633   3.806   4.789   5.778   7.792  10.742   0.089   0.092   0.098   4.792   2.103   2.343   5.134   3.384   0.191  1.832   3.769   4.781]
[  5.251   3.698   3.252   4.1     4.404   5.554   6.601   9.242  12.526   0.097   0.101   0.109   4.806   2.151   2.541   5.332   3.577   0.198  2.076   4.022   4.871]
[  5.433   3.843   3.361   4.182   4.547   5.801   6.763   9.589  13.005   0.098   0.103   0.11    4.851   2.181   2.549   5.3     3.569   0.194  2.156   4.115   4.855]
[  5.602   3.819   3.193   3.723   4.119   5.472   6.341   9.12   12.42    0.085   0.086   0.09    5.298   2.215   2.33    4.766   3.282   0.14    2.146   3.948   4.406]
[ 5.682  4.254  3.691  3.35   3.554  4.892  4.543  5.744  7.754  0.065
  3.744]
naive:
[ 3.693  2.337  2.184  2.72   2.325  3.053  5.023  6.29   9.776  0.067
  0.07   0.074  0.043  0.6    2.053  5.008  3.049  0.076  1.591  3.447
  4.07 ]
['Max TemperatureF' 'Mean TemperatureF' 'Min TemperatureF' 'Max Dew PointF'
 'MeanDew PointF' 'Min DewpointF' 'Max Humidity' ' Mean Humidity'
 ' Min Humidity' ' Max Sea Level PressureIn' ' Mean Sea Level PressureIn'
 ' Min Sea Level PressureIn' ' Max VisibilityMiles' ' Mean VisibilityMiles'
 ' Min VisibilityMiles' ' Max Wind SpeedMPH' ' Mean Wind SpeedMPH'
 'PrecipitationIn' ' CloudCover' ' WindDirDegrees']



MDW#######################
(22998, 21)

  MaxT    MeanT   MinT    MaxD    MeanD   MinD     MaxH    MeanH  MinH     MaxP    MeanP   MinP    MaxV    MeanV   MinV    MaxW    MeanW   Rain   Cloud  WindDir WindDir

fitting to HMM and decoding ... classes=2
Transition matrix
[[ 0.916  0.084]
 [ 0.057  0.943]]

n=1		0.91
n=2		0.91
n=3		0.88
n=4		0.86
n=7		0.85
n=14		0.80
naive:
[ 11.23   10.099   9.64    9.142   9.389   9.931   9.022  10.74   12.804   0.149   0.158   0.17    2.631   1.298   3.517   4.367   2.863   0.163  2.41    5.986   5.779]
[ 11.23   10.099   9.641   9.143   9.39    9.932   9.023  10.74   12.804   0.149   0.158   0.17    2.631   1.298   3.517   4.367   2.862   0.163  2.41    5.984   5.778]
[ 11.802  10.704  10.246   9.996  10.156  10.607   9.063  10.722  12.761   0.152   0.161   0.171   2.631   1.303   3.519   4.347   2.84    0.166  2.403   6.01    5.746]
[ 12.025  10.951  10.509  10.401  10.518  10.938   9.08   10.708  12.731   0.153   0.161   0.172   2.631   1.305   3.52    4.344   2.829   0.167  2.401   6.01    5.74 ]
[ 12.301  11.22   10.763  10.736  10.857  11.223   9.089  10.696  12.717   0.154   0.162   0.172   2.63    1.304   3.52    4.326   2.824   0.167  2.401   6.014   5.737]
[ 12.14   11.037  10.561  10.513  10.671  11.085   9.     10.586  12.64    0.155   0.162   0.171   2.634   1.324   3.521   4.336   2.823   0.167   2.408   6.022   5.727]
[  6.26    4.904   4.775   6.3     5.94    5.944   8.611   9.343  11.267   0.12    0.141   0.147   0.145   1.238   2.943   5.027   3.239   0.143  1.946   6.505   5.897]
  MaxT    MeanT   MinT    MaxD    MeanD   MinD     MaxH    MeanH  MinH     MaxP    MeanP   MinP    MaxV    MeanV   MinV    MaxW    MeanW   Rain   Cloud  WindDir WindDir

fitting to HMM and decoding ... classes=4
Transition matrix
[[ 0.729  0.203  0.026  0.042]
 [ 0.533  0.401  0.013  0.053]
 [ 0.044  0.002  0.705  0.249]
 [ 0.053  0.014  0.427  0.505]]

n=1		0.63
n=2		0.63
n=3		0.48
n=4		0.45
n=7		0.42
n=14		0.17
naive:
[ 10.61    9.537   9.136   8.829   8.961   9.497   8.234   9.96   12.286   0.143   0.154   0.165   2.398   1.42    3.361   4.395   2.832   0.22   2.208   6.077   5.799]
[ 10.611   9.538   9.137   8.83    8.962   9.498   8.235   9.959  12.285   0.143   0.154   0.165   2.398   1.42    3.361   4.395   2.832   0.22   2.208   6.076   5.799]
[ 11.359  10.328   9.979  10.215  10.226  10.505   9.606  11.458  13.363   0.157   0.171   0.184   2.398   1.664   3.752   4.512   2.87    0.237  2.372   6.074   5.783]
[ 11.639  10.665  10.348  10.718  10.709  10.959   9.881  11.93   13.818   0.161   0.174   0.188   2.398   1.71    3.83    4.522   2.867   0.24   2.394   6.044   5.766]
[ 11.267  10.272   9.968  10.459  10.459  10.708   9.823  11.715  13.596   0.16    0.173   0.186   2.406   1.69    3.778   4.51    2.867   0.235  2.362   5.981   5.756]
[ 10.318   9.334   9.152  10.181  10.039  10.199  10.023  11.76   13.643   0.172   0.187   0.2     2.473   1.872   3.746   4.54    2.876   0.211  2.454   6.056   5.853]
[  6.26    4.904   4.775   6.3     5.94    5.944   8.611   9.343  11.267   0.12    0.141   0.147   0.145   1.238   2.943   5.027   3.239   0.143  1.946   6.505   5.897]
  MaxT    MeanT   MinT    MaxD    MeanD   MinD     MaxH    MeanH  MinH     MaxP    MeanP   MinP    MaxV    MeanV   MinV    MaxW    MeanW   Rain   Cloud  WindDir WindDir

fitting to HMM and decoding ... classes=6
Transition matrix
[[ 0.5    0.002  0.08   0.238  0.046  0.135]
 [ 0.005  0.723  0.     0.     0.06   0.213]
 [ 0.067  0.     0.534  0.4    0.     0.   ]
 [ 0.106  0.     0.187  0.657  0.001  0.049]
 [ 0.18   0.119  0.002  0.017  0.345  0.337]
 [ 0.083  0.154  0.     0.02   0.074  0.67 ]]

n=1		0.57
n=2		0.57
n=3		0.43
n=4		0.39
n=7		0.31
n=14		0.04
naive:
[  8.862   7.841   7.616   7.738   7.884   8.451   8.314   9.994  12.122   0.14    0.152   0.165   2.457   1.623   3.265   4.354   2.854   0.235  2.252   6.091   5.749]
[  8.863   7.842   7.617   7.739   7.884   8.451   8.315   9.993  12.121   0.14    0.152   0.165   2.457   1.623   3.265   4.353   2.854   0.235  2.251   6.09    5.748]
[ 10.087   9.14    8.909   9.655   9.647   9.942   9.655  11.535  13.31    0.156   0.17    0.184   2.458   1.854   3.663   4.435   2.867   0.248   2.401   6.116   5.738]
[ 10.528   9.657   9.473  10.287  10.329  10.644  10.001  12.05   13.724   0.161   0.175   0.189   2.458   1.908   3.765   4.445   2.863   0.249  2.429   6.095   5.742]
[ 10.604   9.789   9.641  10.504  10.544  10.832   9.979  11.868  13.615   0.163   0.175   0.188   2.5     1.92    3.72    4.484   2.863   0.208  2.434   6.021   5.734]
[  8.892   8.258   8.31    8.543   8.741   9.19    8.525   9.825  11.844   0.139   0.149   0.156   2.338   1.707   3.564   4.233   2.541   0.152  2.178   5.664   5.218]
[  6.26    4.904   4.775   6.3     5.94    5.944   8.611   9.343  11.267   0.12    0.141   0.147   0.145   1.238   2.943   5.027   3.239   0.143  1.946   6.505   5.897]
  MaxT    MeanT   MinT    MaxD    MeanD   MinD     MaxH    MeanH  MinH     MaxP    MeanP   MinP    MaxV    MeanV   MinV    MaxW    MeanW   Rain   Cloud  WindDir WindDir

fitting to HMM and decoding ... classes=10
Transition matrix
[[ 0.435  0.044  0.096  0.     0.227  0.181  0.     0.017  0.     0.   ]
 [ 0.021  0.551  0.004  0.     0.128  0.241  0.     0.055  0.     0.   ]
 [ 0.084  0.008  0.39   0.001  0.254  0.02   0.17   0.014  0.     0.059]
 [ 0.     0.     0.001  0.638  0.     0.     0.05   0.004  0.195  0.112]
 [ 0.126  0.038  0.112  0.     0.56   0.039  0.113  0.008  0.     0.001]
 [ 0.158  0.261  0.006  0.     0.103  0.444  0.     0.029  0.     0.   ]
 [ 0.002  0.     0.117  0.098  0.051  0.     0.596  0.001  0.002  0.132]
 [ 0.021  0.481  0.033  0.022  0.052  0.157  0.024  0.173  0.022  0.014]
 [ 0.     0.     0.001  0.296  0.     0.     0.009  0.001  0.601  0.093]
 [ 0.     0.     0.109  0.199  0.014  0.     0.228  0.003  0.052  0.394]]

n=1		0.53
n=2		0.52
n=3		0.38
n=4		0.34
n=7		0.22
n=14		0.03
naive:
[  9.585   8.62    9.035   7.606   8.705  10.289   8.483  10.19   12.389   0.142   0.155   0.172   2.757   1.51    3.619   5.349   3.272   1.701  2.26    6.165   5.713]
[  8.329   7.323   7.455   7.041   7.588   8.69    8.225   9.816  11.931   0.14    0.153   0.168   2.684   1.504   3.398   4.958   3.085   1.129  2.248   6.137   5.654]
[  9.837   8.884   8.989   9.078   9.547  10.399   9.441  11.237  12.965   0.153   0.168   0.184   2.683   1.669   3.696   5.037   3.133   1.136  2.39    6.2     5.726]
[ 10.372   9.523   9.712   9.811  10.342  11.174   9.756  11.651  13.324   0.158   0.171   0.186   2.686   1.699   3.759   5.009   3.104   1.14   2.408   6.165   5.706]
[  9.699   9.075   9.466   9.332  10.041  11.084   9.425  11.113  12.638   0.154   0.165   0.177   2.7     1.68    3.679   5.049   3.054   1.334  2.375   5.951   5.637]
[  8.8     8.929   9.714   9.431  10.203  11.512   8.225   9.589  11.843   0.18    0.191   0.207   3.113   1.888   3.445   6.348   3.73    2.862  2.484   5.831   5.495]
[  6.26    4.904   4.775   6.3     5.94    5.944   8.611   9.343  11.267   0.12    0.141   0.147   0.145   1.238   2.943   5.027   3.239   0.143  1.946   6.505   5.897]
['Max TemperatureF' 'Mean TemperatureF' 'Min TemperatureF' 'Max Dew PointF'
 'MeanDew PointF' 'Min DewpointF' 'Max Humidity' ' Mean Humidity'
 ' Min Humidity' ' Max Sea Level PressureIn' ' Mean Sea Level PressureIn'
 ' Min Sea Level PressureIn' ' Max VisibilityMiles' ' Mean VisibilityMiles'
 ' Min VisibilityMiles' ' Max Wind SpeedMPH' ' Mean Wind SpeedMPH'
 'PrecipitationIn' ' CloudCover' ' WindDirDegrees']



ORD#######################
(22630, 21)

  MaxT    MeanT   MinT    MaxD    MeanD   MinD     MaxH    MeanH  MinH     MaxP    MeanP   MinP    MaxV    MeanV   MinV    MaxW    MeanW   Rain   Cloud  WindDir WindDir

fitting to HMM and decoding ... classes=2
Transition matrix
[[ 0.928  0.072]
 [ 0.06   0.94 ]]

n=1		0.91
n=2		0.91
n=3		0.87
n=4		0.85
n=7		0.84
n=14		0.78
naive:
[ 11.001   9.83    9.562   8.966   9.27    9.96    8.158   9.842  12.572   0.147   0.157   0.17    2.401   1.286   3.402   4.605   2.914   0.128  2.151   5.927   5.652]
[ 11.001   9.831   9.562   8.967   9.27    9.961   8.158   9.843  12.573   0.147   0.158   0.17    2.401   1.286   3.403   4.605   2.914   0.128  2.151   5.928   5.652]
[ 11.674  10.53   10.228   9.964  10.154  10.693   8.215   9.83   12.511   0.151   0.16    0.171   2.401   1.287   3.406   4.578   2.878   0.129  2.141   5.958   5.629]
[ 11.863  10.773  10.517  10.292  10.494  11.05    8.232   9.824  12.474   0.152   0.161   0.171   2.4     1.287   3.407   4.573   2.87    0.129  2.138   5.949   5.62 ]
[ 12.258  11.125  10.818  10.744  10.922  11.404   8.26    9.817  12.46    0.152   0.161   0.172   2.399   1.285   3.407   4.562   2.868   0.129   2.134   5.955   5.639]
[ 11.869  10.736  10.462  10.304  10.514  11.048   8.161   9.712  12.393   0.152   0.161   0.171   2.403   1.323   3.418   4.542   2.844   0.129  2.145   5.881   5.631]
[  6.325   4.974   5.192   6.336   5.998   5.903   7.733   8.602  11.298   0.122   0.143   0.148   0.138   1.293   3.029   5.195   3.212   0.148  1.909   6.477   5.816]
  MaxT    MeanT   MinT    MaxD    MeanD   MinD     MaxH    MeanH  MinH     MaxP    MeanP   MinP    MaxV    MeanV   MinV    MaxW    MeanW   Rain   Cloud  WindDir WindDir

fitting to HMM and decoding ... classes=4
Transition matrix
[[ 0.695  0.031  0.272  0.002]
 [ 0.016  0.561  0.071  0.352]
 [ 0.194  0.079  0.696  0.03 ]
 [ 0.     0.245  0.048  0.707]]

n=1		0.64
n=2		0.64
n=3		0.50
n=4		0.46
n=7		0.44
n=14		0.18
naive:
[ 10.73    9.451   8.947   8.784   8.884   9.484   7.688   9.399  12.051   0.142   0.154   0.166   2.188   1.707   3.203   4.586   2.913   0.143  1.999   6.023   5.706]
[ 10.732   9.453   8.949   8.785   8.885   9.486   7.689   9.4    12.052   0.142   0.154   0.166   2.189   1.707   3.203   4.586   2.913   0.143  1.999   6.024   5.706]
[ 11.591  10.422  10.017  10.208  10.295  10.741   8.42   10.503  13.196   0.155   0.17    0.183   2.188   1.92    3.667   4.65    2.946   0.151  2.2     6.048   5.693]
[ 11.951  10.859  10.491  10.839  10.879  11.267   8.603  10.85   13.563   0.16    0.174   0.188   2.188   1.968   3.769   4.632   2.922   0.153  2.24    6.041   5.682]
[ 11.743  10.738  10.49   10.926  10.944  11.288   8.55   10.769  13.522   0.161   0.175   0.187   2.187   1.947   3.686   4.639   2.931   0.151  2.221   5.975   5.683]
[ 10.031   9.36    9.391  10.332  10.253  10.475   8.463  10.37   12.902   0.168   0.181   0.19    2.112   2.002   3.751   4.65    2.887   0.152  2.144   6.012   5.779]
[  6.325   4.974   5.192   6.336   5.998   5.903   7.733   8.602  11.298   0.122   0.143   0.148   0.138   1.293   3.029   5.195   3.212   0.148  1.909   6.477   5.816]
  MaxT    MeanT   MinT    MaxD    MeanD   MinD     MaxH    MeanH  MinH     MaxP    MeanP   MinP    MaxV    MeanV   MinV    MaxW    MeanW   Rain   Cloud  WindDir WindDir

fitting to HMM and decoding ... classes=6
Transition matrix
[[ 0.681  0.     0.002  0.269  0.     0.048]
 [ 0.     0.59   0.144  0.     0.222  0.044]
 [ 0.     0.106  0.645  0.068  0.029  0.152]
 [ 0.19   0.     0.041  0.676  0.     0.093]
 [ 0.     0.203  0.095  0.     0.7    0.001]
 [ 0.031  0.072  0.265  0.132  0.008  0.492]]

n=1		0.60
n=2		0.60
n=3		0.45
n=4		0.40
n=7		0.33
n=14		0.06
naive:
[  8.397   7.3     7.088   7.446   7.501   7.955   7.656   9.301  11.791   0.14    0.153   0.166   2.231   1.735   3.177   4.589   2.888   0.147  2.026   6.109   5.636]
[  8.398   7.301   7.089   7.447   7.501   7.956   7.656   9.302  11.791   0.14    0.153   0.166   2.231   1.735   3.177   4.589   2.888   0.147  2.026   6.11    5.636]
[  9.705   8.744   8.628   9.468   9.444   9.73    8.445  10.445  12.943   0.155   0.171   0.184   2.23    1.932   3.604   4.695   2.931   0.156  2.235   6.128   5.658]
[ 10.262   9.355   9.291  10.152  10.202  10.517   8.692  10.847  13.351   0.16    0.176   0.19    2.23    1.963   3.679   4.671   2.926   0.158  2.277   6.084   5.678]
[ 10.437   9.596   9.555  10.509  10.584  10.849   8.621  10.869  13.412   0.16    0.175   0.188   2.237   1.937   3.65    4.687   2.909   0.158  2.252   6.023   5.605]
[  8.26    7.969   8.546   9.201   9.478  10.08    8.251  10.464  12.916   0.144   0.158   0.168   2.258   1.903   3.666   4.462   2.72    0.155  2.186   5.843   5.461]
[  6.325   4.974   5.192   6.336   5.998   5.903   7.733   8.602  11.298   0.122   0.143   0.148   0.138   1.293   3.029   5.195   3.212   0.148  1.909   6.477   5.816]
  MaxT    MeanT   MinT    MaxD    MeanD   MinD     MaxH    MeanH  MinH     MaxP    MeanP   MinP    MaxV    MeanV   MinV    MaxW    MeanW   Rain   Cloud  WindDir WindDir

fitting to HMM and decoding ... classes=10
Transition matrix
[[ 0.392  0.088  0.     0.002  0.004  0.023  0.04   0.275  0.069  0.107]
 [ 0.084  0.454  0.     0.     0.022  0.133  0.     0.042  0.     0.264]
 [ 0.002  0.     0.567  0.304  0.     0.     0.043  0.001  0.084  0.   ]
 [ 0.002  0.     0.211  0.617  0.     0.     0.1    0.003  0.066  0.   ]
 [ 0.004  0.014  0.     0.     0.534  0.247  0.     0.002  0.     0.198]
 [ 0.011  0.093  0.     0.     0.33   0.405  0.     0.007  0.     0.154]
 [ 0.039  0.     0.011  0.151  0.     0.     0.563  0.078  0.157  0.001]
 [ 0.205  0.026  0.     0.     0.     0.003  0.139  0.54   0.02   0.067]
 [ 0.126  0.002  0.059  0.098  0.     0.     0.263  0.057  0.395  0.   ]
 [ 0.041  0.162  0.     0.     0.068  0.067  0.     0.119  0.     0.543]]

n=1		0.48
n=2		0.48
n=3		0.33
n=4		0.28
n=7		0.14
n=14		0.00
naive:
[  7.482   6.27    6.088   6.679   6.664   7.153   7.605   9.197  11.648   0.139   0.153   0.166   2.258   1.684   3.172   4.619   2.915   0.148  2.003   6.124   5.611]
[  7.483   6.271   6.089   6.68    6.665   7.153   7.605   9.197  11.65    0.139   0.153   0.166   2.258   1.684   3.172   4.62    2.915   0.148   2.003   6.125   5.611]
[  9.113   8.031   7.954   8.921   8.879   9.152   8.428  10.465  12.965   0.155   0.171   0.185   2.259   1.883   3.622   4.722   2.966   0.159  2.235   6.157   5.663]
[  9.659   8.699   8.684   9.656   9.698   9.984   8.608  10.858  13.338   0.159   0.176   0.19    2.259   1.925   3.712   4.76    2.994   0.161  2.279   6.118   5.66 ]
[  9.144   8.336   8.472   9.359   9.473   9.815   8.666  10.871  13.15    0.148   0.163   0.176   2.329   1.853   3.641   4.648   2.926   0.16    2.222   5.946   5.558]
[  5.743   6.282   7.064   7.617   9.491  10.324   8.185  10.16   15.241   0.124   0.129   0.126   2.239   1.598   4.11    4.982   2.135   0.618  1.871   6.248   4.799]
[  6.325   4.974   5.192   6.336   5.998   5.903   7.733   8.602  11.298   0.122   0.143   0.148   0.138   1.293   3.029   5.195   3.212   0.148  1.909   6.477   5.816]
