['Max TemperatureF' 'Mean TemperatureF' 'Min TemperatureF' 'Max Dew PointF'
 'MeanDew PointF' 'Min DewpointF' 'Max Humidity' ' Mean Humidity'
 ' Min Humidity' ' Max Sea Level PressureIn' ' Mean Sea Level PressureIn'
 ' Min Sea Level PressureIn' ' Max VisibilityMiles' ' Mean VisibilityMiles'
 ' Min VisibilityMiles' ' Max Wind SpeedMPH' ' Mean Wind SpeedMPH'
 'PrecipitationIn' ' CloudCover' ' WindDirDegrees']
Using PCA



LGA#######################
(22133, 21)

(22133, 2)
  MaxT    MeanT   MinT    MaxD    MeanD   MinD     MaxH    MeanH  MinH     MaxP    MeanP   MinP    MaxV    MeanV   MinV    MaxW    MeanW   Rain   Cloud  WindDir WindDir

fitting to HMM and decoding ... classes=2
Transition matrix
[[ 0.334  0.666]
 [ 0.333  0.667]]

n=1		0.58
n=2		0.53
n=3		0.41
n=4		0.48
n=7		0.52
n=14		0.40
naive:
[  5.881   4.626   4.218   7.501   7.546   7.364  12.898  12.294  12.839   0.134   0.162   0.172   0.808   2.217   3.947   5.358   3.398   0.24   2.109   6.866   6.928]
[  6.232   4.927   4.342   8.532   8.899   8.618  14.027  13.831  14.556   0.125   0.151   0.161   1.125   2.883   4.608   5.336   3.669   0.27   2.275   7.967   7.392]
[  6.652   5.486   4.973  10.171  10.205   9.417  16.172  15.364  14.936   0.145   0.18    0.191   1.127   2.961   4.973   5.361   3.497   0.27   2.357   7.47    7.14 ]
[  6.378   5.203   4.732   9.288   9.281   8.784  14.928  14.082  14.226   0.144   0.177   0.188   1.121   2.794   4.665   5.363   3.448   0.26   2.237   7.169   7.079]
[  6.22    5.031   4.549   8.849   8.852   8.362  14.45   13.548  13.907   0.14    0.17    0.181   1.118   2.713   4.511   5.36    3.465   0.26   2.207   7.193   7.077]
[  6.244   5.015   4.498   8.784   8.771   8.289  14.233  13.485  13.858   0.137   0.168   0.179   1.105   2.716   4.511   5.372   3.462   0.26   2.198   7.201   7.102]
[  8.618   6.222   5.51   10.079   9.645   9.767  19.056  16.69   19.211   0.178   0.215   0.236   0.137   2.157   5.34    8.834   5.39    0.39   3.206  10.81   11.081]
  MaxT    MeanT   MinT    MaxD    MeanD   MinD     MaxH    MeanH  MinH     MaxP    MeanP   MinP    MaxV    MeanV   MinV    MaxW    MeanW   Rain   Cloud  WindDir WindDir

fitting to HMM and decoding ... classes=4
Transition matrix
[[ 0.156  0.054  0.22   0.57 ]
 [ 0.3    0.383  0.109  0.208]
 [ 0.313  0.423  0.195  0.069]
 [ 0.061  0.058  0.258  0.622]]

n=1		0.36
n=2		0.30
n=3		0.20
n=4		0.27
n=7		0.24
n=14		0.00
naive:
[  7.043   5.913   5.414  11.451  10.934   9.586  17.788  16.054  15.368   0.183   0.234   0.25    1.686   3.797   5.642   5.553   3.487   0.32   2.211   6.918   6.797]
[  6.508   5.175   4.574   9.59    9.983   9.137  16.642  16.085  15.953   0.136   0.168   0.185   1.277   3.198   5.184   5.41    3.717   0.30   2.481   8.019   7.774]
[  6.947   5.758   5.227  11.187  11.413  10.28   18.714  17.837  16.83    0.168   0.212   0.227   1.286   3.29    5.461   5.518   3.566   0.317    2.519   7.569   7.405]
[  6.594   5.406   4.911  10.028  10.143   9.416  16.666  15.962  15.704   0.162   0.201   0.216   1.282   3.132   5.112   5.498   3.488   0.30   2.345   7.221   7.269]
[  6.589   5.346   4.815   9.831   9.923   9.131  16.41   15.672  15.573   0.158   0.198   0.213   1.323   3.131   5.041   5.567   3.553   0.30   2.33    7.375   7.353]
[  5.685   4.942   5.503   7.106   9.777  10.562  15.27   13.655  13.588   0.151   0.157   0.149   1.276   2.902   4.657   6.898   4.002   0.32   2.217   8.244   6.899]
[  8.618   6.222   5.51   10.079   9.645   9.767  19.056  16.69   19.211   0.178   0.215   0.236   0.137   2.157   5.34    8.834   5.39    0.39   3.206  10.81   11.081]
  MaxT    MeanT   MinT    MaxD    MeanD   MinD     MaxH    MeanH  MinH     MaxP    MeanP   MinP    MaxV    MeanV   MinV    MaxW    MeanW   Rain   Cloud  WindDir WindDir

fitting to HMM and decoding ... classes=6
Transition matrix
[[ 0.404  0.097  0.105  0.071  0.295  0.028]
 [ 0.009  0.117  0.436  0.006  0.223  0.209]
 [ 0.074  0.066  0.173  0.029  0.517  0.141]
 [ 0.159  0.189  0.13   0.173  0.303  0.046]
 [ 0.108  0.14   0.049  0.13   0.549  0.024]
 [ 0.027  0.079  0.016  0.115  0.728  0.034]]

n=1		0.40
n=2		0.28
n=3		0.20
n=4		0.25
n=7		0.18
n=14		0.00
naive:
[  5.679   4.453   4.012   7.382   7.631   7.608  13.169  13.401  14.413   0.145   0.186   0.204   1.646   2.603   4.036   5.485   3.305   0.34   2.026   6.497   6.769]
[  6.559   5.267   4.687   9.794  10.199   9.314  16.487  16.285  16.472   0.141   0.181   0.204   1.474   3.23    5.024   5.638   3.817   0.35   2.468   8.044   8.061]
[  6.942   5.774   5.267  10.948  11.352  10.418  17.872  17.858  17.276   0.175   0.223   0.241   1.492   3.39    5.25    5.748   3.709   0.36   2.491   7.673   7.716]
[  6.648   5.461   4.964   9.778  10.1     9.548  16.044  16.122  16.162   0.165   0.209   0.227   1.489   3.239   4.954   5.677   3.635   0.35   2.326   7.327   7.543]
[  6.485   5.252   4.73    9.527   9.891   9.246  16.076  16.073  16.245   0.16    0.204   0.222   1.503   3.222   4.898   5.673   3.642   0.36   2.336   7.349   7.598]
[ nan  nan  nan  nan  nan  nan  nan  nan  nan  nan  nan  nan  nan  nan  nan    nan  nan  nan  nan  nan  nan]
[  8.618   6.222   5.51   10.079   9.645   9.767  19.056  16.69   19.211   0.178   0.215   0.236   0.137   2.157   5.34    8.834   5.39    0.39   3.206  10.81   11.081]
  MaxT    MeanT   MinT    MaxD    MeanD   MinD     MaxH    MeanH  MinH     MaxP    MeanP   MinP    MaxV    MeanV   MinV    MaxW    MeanW   Rain   Cloud  WindDir WindDir

fitting to HMM and decoding ... classes=10
Transition matrix
[[ 0.253  0.314  0.05   0.067  0.     0.038  0.068  0.067  0.063  0.08 ]
 [ 0.066  0.558  0.018  0.01   0.009  0.097  0.022  0.033  0.122  0.064]
 [ 0.011  0.179  0.045  0.177  0.002  0.004  0.506  0.025  0.009  0.044]
 [ 0.081  0.451  0.011  0.12   0.005  0.052  0.02   0.062  0.092  0.106]
 [ 0.013  0.055  0.219  0.053  0.03   0.011  0.475  0.039  0.038  0.067]
 [ 0.116  0.211  0.093  0.076  0.012  0.11   0.097  0.066  0.127  0.093]
 [ 0.022  0.608  0.002  0.073  0.011  0.062  0.044  0.01   0.095  0.074]
 [ 0.026  0.081  0.089  0.292  0.     0.004  0.135  0.249  0.03   0.095]
 [ 0.001  0.013  0.283  0.181  0.014  0.007  0.209  0.188  0.062  0.042]
 [ 0.023  0.041  0.129  0.254  0.014  0.018  0.113  0.228  0.092  0.087]]

n=1		0.36
n=2		0.18
n=3		0.11
n=4		0.14
n=7		0.02
n=14		0.00
naive:
[  6.218   4.891   4.312   7.496   7.698   7.918  12.37   12.093  13.755   0.151   0.182   0.187   1.377   2.456   3.616   5.683   3.703   0.26   2.033   7.009   8.281]
[  8.131   6.518   5.429  10.568  10.586   9.52   16.768  15.996  16.52    0.167   0.209   0.218   1.43    3.122   4.958   6.025   3.887   0.348    2.425   8.38    9.259]
[  8.701   7.302   6.381  11.546  11.922  11.134  18.252  18.144  17.883   0.197   0.246   0.253   1.443   3.352   5.222   6.26    3.892   0.36   2.488   8.027   9.414]
[  8.187   6.81    5.98   10.503  10.846  10.391  16.362  16.342  16.777   0.184   0.23    0.239   1.439   3.176   4.898   6.124   3.81    0.35   2.32    7.665   8.934]
[  8.38    7.026   6.161  11.377  11.724  10.738  17.96   16.766  15.945   0.182   0.238   0.249   1.442   3.191   4.924   6.183   4.152   0.32   2.464   7.725   9.088]
[ nan  nan  nan  nan  nan  nan  nan  nan  nan  nan  nan  nan  nan  nan  nan    nan  nan  nan  nan  nan  nan]
[  8.618   6.222   5.51   10.079   9.645   9.767  19.056  16.69   19.211   0.178   0.215   0.236   0.137   2.157   5.34    8.834   5.39    0.39   3.206  10.81   11.081]
['Max TemperatureF' 'Mean TemperatureF' 'Min TemperatureF' 'Max Dew PointF'
 'MeanDew PointF' 'Min DewpointF' 'Max Humidity' ' Mean Humidity'
 ' Min Humidity' ' Max Sea Level PressureIn' ' Mean Sea Level PressureIn'
 ' Min Sea Level PressureIn' ' Max VisibilityMiles' ' Mean VisibilityMiles'
 ' Min VisibilityMiles' ' Max Wind SpeedMPH' ' Mean Wind SpeedMPH'
 'PrecipitationIn' ' CloudCover' ' WindDirDegrees']
Using PCA



SFO#######################
(23461, 21)

(23461, 2)
  MaxT    MeanT   MinT    MaxD    MeanD   MinD     MaxH    MeanH  MinH     MaxP    MeanP   MinP    MaxV    MeanV   MinV    MaxW    MeanW   Rain   Cloud  WindDir WindDir

fitting to HMM and decoding ... classes=2
Transition matrix
[[ 0.664  0.336]
 [ 0.258  0.742]]

n=1		1.00
n=2		1.00
n=3		1.00
n=4		1.00
n=7		1.00
n=14		1.00
naive:
[ 3.735  2.377  2.206  2.775  2.37   3.076  5.055  6.3    9.781  0.067     0.071  0.075  0.123  0.702  2.149  5.012  3.054  0.079  1.614  3.445     4.071]
[ 3.735  2.377  2.205  2.775  2.37   3.076  5.056  6.3    9.781  0.067     0.071  0.075  0.123  0.702  2.149  5.012  3.054  0.079  1.614  3.445     4.07 ]
[ 3.735  2.377  2.206  2.776  2.37   3.076  5.056  6.3    9.781  0.067     0.071  0.075  0.123  0.702  2.149  5.012  3.055  0.079  1.614  3.445     4.069]
[ 3.735  2.377  2.206  2.776  2.371  3.077  5.056  6.3    9.779  0.067     0.071  0.075  0.123  0.701  2.149  5.013  3.055  0.079  1.614  3.446     4.069]
[ 3.735  2.377  2.205  2.777  2.371  3.077  5.056  6.3    9.779  0.067     0.071  0.075  0.123  0.701  2.148  5.012  3.056  0.079  1.613  3.446     4.07 ]
[ 3.735  2.375  2.204  2.776  2.371  3.076  5.058  6.301  9.778  0.067     0.071  0.075  0.123  0.7    2.148  5.014  3.057  0.079  1.613  3.448     4.071]
[  5.676   3.518   3.399   4.28    3.367   4.631   8.451   9.631  15.552   0.089   0.091   0.101   0.08    1.056   3.625   8.197   4.851   0.13   2.482   5.592   6.421]
  MaxT    MeanT   MinT    MaxD    MeanD   MinD     MaxH    MeanH  MinH     MaxP    MeanP   MinP    MaxV    MeanV   MinV    MaxW    MeanW   Rain   Cloud  WindDir WindDir

fitting to HMM and decoding ... classes=4
Transition matrix
[[ 0.108  0.317  0.346  0.229]
 [ 0.04   0.633  0.175  0.152]
 [ 0.026  0.075  0.87   0.029]
 [ 0.165  0.264  0.4    0.171]]

n=1		0.46
n=2		0.42
n=3		0.38
n=4		0.40
n=7		0.37
n=14		0.06
naive:
[  4.052   2.391   2.418   4.087   4.535   5.49    8.291  11.388  15.051   0.067   0.071   0.076   0.591   1.439   3.219   5.271   3.15    0.17   1.771   3.944   4.157]
[  3.87    2.398   2.398   4.466   4.659   5.38    8.111  11.229  14.899   0.069   0.073   0.077   0.603   1.581   3.507   5.121   3.063   0.16   1.86    4.15    4.032]
[  3.928   2.408   2.503   4.506   4.93    5.87    8.588  11.84   15.43    0.07    0.076   0.08    0.604   1.59    3.564   5.296   3.126   0.168    1.9     4.091   4.141]
[  3.969   2.403   2.474   4.283   4.714   5.713   8.275  11.47   15.121   0.07    0.075   0.08    0.606   1.546   3.415   5.278   3.134   0.16   1.853   4.075   4.154]
[  3.858   2.38    2.441   4.225   4.577   5.479   8.115  10.989  14.51    0.071   0.076   0.08    0.6     1.52    3.381   5.343   3.141   0.169    1.821   4.08    4.189]
[ 3.39   1.962  1.517  2.469  2.174  2.734  5.144  6.307  8.909  0.048     0.046  0.048  0.267  0.601  1.898  3.879  2.299  0.057  1.502  2.854     2.768]
[  5.676   3.518   3.399   4.28    3.367   4.631   8.451   9.631  15.552   0.089   0.091   0.101   0.08    1.056   3.625   8.197   4.851   0.13   2.482   5.592   6.421]
  MaxT    MeanT   MinT    MaxD    MeanD   MinD     MaxH    MeanH  MinH     MaxP    MeanP   MinP    MaxV    MeanV   MinV    MaxW    MeanW   Rain   Cloud  WindDir WindDir

fitting to HMM and decoding ... classes=6
Transition matrix
[[ 0.152  0.021  0.011  0.009  0.539  0.269]
 [ 0.017  0.738  0.002  0.146  0.049  0.048]
 [ 0.038  0.11   0.195  0.3    0.242  0.115]
 [ 0.043  0.546  0.007  0.231  0.1    0.073]
 [ 0.086  0.238  0.007  0.246  0.239  0.182]
 [ 0.071  0.128  0.002  0.016  0.251  0.532]]

n=1		0.91
n=2		0.83
n=3		0.83
n=4		0.83
n=7		0.82
n=14		0.73
naive:
[  3.95    2.854   3.271   2.911   2.988   3.284   7.725   9.04   10.132   0.255   0.251   0.249   2.554   2.643   3.741   5.442   4.185   0.   1.594   4.175   4.106]
[  3.981   2.857   3.244   3.092   3.154   3.441   7.757   9.37   10.729   0.239   0.237   0.236   2.379   2.626   3.863   5.501   4.119   0.11   1.653   4.26    4.117]
[  3.974   2.843   3.256   3.081   3.189   3.53    7.81    9.379  10.752   0.242   0.24    0.239   2.379   2.599   3.82    5.512   4.13    0.11   1.641   4.191   4.109]
[  3.965   2.838   3.258   3.025   3.137   3.49    7.704   9.257  10.613   0.242   0.24    0.238   2.38    2.567   3.757   5.504   4.135   0.11   1.627   4.159   4.11 ]
[  3.962   2.838   3.249   3.005   3.083   3.45    7.647   9.133  10.532   0.241   0.239   0.238   2.383   2.549   3.725   5.52    4.134   0.11   1.615   4.175   4.1  ]
[  3.995   2.839   3.222   2.981   3.061   3.397   7.673   9.138  10.45    0.243   0.241   0.24    2.412   2.568   3.724   5.494   4.126   0.107    1.609   4.1     4.055]
[  5.676   3.518   3.399   4.28    3.367   4.631   8.451   9.631  15.552   0.089   0.091   0.101   0.08    1.056   3.625   8.197   4.851   0.13   2.482   5.592   6.421]
  MaxT    MeanT   MinT    MaxD    MeanD   MinD     MaxH    MeanH  MinH     MaxP    MeanP   MinP    MaxV    MeanV   MinV    MaxW    MeanW   Rain   Cloud  WindDir WindDir

fitting to HMM and decoding ... classes=10
Transition matrix
[[ 0.485  0.006  0.115  0.039  0.029  0.114  0.003  0.027  0.035  0.147]
 [ 0.046  0.115  0.008  0.167  0.027  0.459  0.001  0.002  0.156  0.02 ]
 [ 0.168  0.004  0.229  0.049  0.159  0.091  0.006  0.002  0.088  0.204]
 [ 0.013  0.251  0.001  0.185  0.134  0.312  0.002  0.005  0.066  0.03 ]
 [ 0.041  0.1    0.005  0.116  0.234  0.227  0.009  0.002  0.157  0.109]
 [ 0.032  0.062  0.002  0.17   0.051  0.586  0.001  0.001  0.065  0.031]
 [ 0.104  0.034  0.293  0.063  0.145  0.018  0.197  0.     0.064  0.084]
 [ 0.278  0.073  0.014  0.062  0.05   0.056  0.019  0.209  0.02   0.218]
 [ 0.023  0.017  0.01   0.114  0.373  0.149  0.01   0.003  0.235  0.066]
 [ 0.22   0.003  0.508  0.     0.005  0.006  0.012  0.01   0.02   0.215]]

n=1		0.95
n=2		0.91
n=3		0.91
n=4		0.91
n=7		0.91
n=14		0.87
naive:
[  3.757   2.459   2.832   3.786   4.092   5.775   6.452   8.435  13.012   0.199   0.184   0.175   1.287   0.893   2.096   5.759   4.094   0.10   1.66    3.479   4.952]
[  3.807   2.49    2.806   3.855   4.108   5.743   6.481   8.535  13.102   0.194   0.18    0.171   1.258   0.939   2.204   5.72    4.022   0.10   1.687   3.543   4.885]
[  3.836   2.52    2.869   3.861   4.167   5.825   6.545   8.643  13.248   0.194   0.18    0.172   1.258   0.936   2.195   5.772   4.101   0.10   1.683   3.517   4.949]
[  3.827   2.497   2.836   3.798   4.084   5.749   6.495   8.554  13.144   0.194   0.18    0.172   1.258   0.931   2.173   5.751   4.068   0.10   1.676   3.519   4.936]
[  3.806   2.488   2.828   3.791   4.094   5.755   6.453   8.495  13.098   0.195   0.181   0.172   1.259   0.927   2.161   5.773   4.082   0.10   1.676   3.521   4.93 ]
[  3.79    2.484   2.837   3.806   4.1     5.747   6.466   8.493  13.071   0.195   0.181   0.173   1.263   0.932   2.178   5.777   4.08    0.10   1.663   3.51    4.933]
[  5.676   3.518   3.399   4.28    3.367   4.631   8.451   9.631  15.552   0.089   0.091   0.101   0.08    1.056   3.625   8.197   4.851   0.13   2.482   5.592   6.421]
['Max TemperatureF' 'Mean TemperatureF' 'Min TemperatureF' 'Max Dew PointF'
 'MeanDew PointF' 'Min DewpointF' 'Max Humidity' ' Mean Humidity'
 ' Min Humidity' ' Max Sea Level PressureIn' ' Mean Sea Level PressureIn'
 ' Min Sea Level PressureIn' ' Max VisibilityMiles' ' Mean VisibilityMiles'
 ' Min VisibilityMiles' ' Max Wind SpeedMPH' ' Mean Wind SpeedMPH'
 'PrecipitationIn' ' CloudCover' ' WindDirDegrees']
Using PCA



MDW#######################
(22998, 21)

(22998, 2)
  MaxT    MeanT   MinT    MaxD    MeanD   MinD     MaxH    MeanH  MinH     MaxP    MeanP   MinP    MaxV    MeanV   MinV    MaxW    MeanW   Rain   Cloud  WindDir WindDir

fitting to HMM and decoding ... classes=2
Transition matrix
[[ 0.273  0.727]
 [ 0.247  0.753]]

n=1		0.70
n=2		0.59
n=3		0.50
n=4		0.55
n=7		0.59
n=14		0.51
naive:
[  6.538   5.248   4.996   7.09    6.63    6.508   8.924   9.56   11.552   0.126   0.15    0.158   0.558   1.549   3.211   5.08    3.289   0.16   2.041   6.596   5.9  ]
[  7.046   5.873   5.692   8.255   7.639   7.213   9.313  10.222  12.187   0.133   0.162   0.172   0.796   1.801   3.45    5.153   3.264   0.18   2.191   7.008   5.854]
[  7.064   6.172   6.328   8.838   8.354   7.925   9.899  10.995  12.66    0.15    0.177   0.186   0.801   1.874   3.565   5.249   3.357   0.187    2.188   6.654   5.93 ]
[  6.78    5.815   5.948   8.194   7.816   7.588   9.613  10.732  12.625   0.143   0.168   0.176   0.798   1.816   3.464   5.2     3.336   0.18   2.142   6.573   5.915]
[  6.761   5.699   5.701   7.95    7.495   7.238   9.385  10.347  12.183   0.137   0.162   0.171   0.8     1.785   3.41    5.176   3.32    0.18   2.102   6.63    5.908]
[  6.667   5.609   5.642   7.828   7.355   7.128   9.4    10.29   12.091   0.135   0.161   0.17    0.784   1.755   3.368   5.113   3.286   0.17   2.112   6.523   5.78 ]
[  9.363   6.848   6.852   9.614   8.508   8.714  14.063  14.361  17.987   0.169   0.196   0.213   0.279   2.126   5.161   8.311   5.275   0.26   3.174  10.34    9.491]
  MaxT    MeanT   MinT    MaxD    MeanD   MinD     MaxH    MeanH  MinH     MaxP    MeanP   MinP    MaxV    MeanV   MinV    MaxW    MeanW   Rain   Cloud  WindDir WindDir

fitting to HMM and decoding ... classes=4
Transition matrix
[[ 0.272  0.178  0.422  0.128]
 [ 0.173  0.311  0.252  0.264]
 [ 0.198  0.062  0.254  0.485]
 [ 0.263  0.028  0.078  0.632]]

n=1		0.46
n=2		0.39
n=3		0.27
n=4		0.32
n=7		0.32
n=14		0.01
naive:
[  8.782   7.419   6.7    10.54   10.111   9.293  10.485  11.363  12.793   0.164   0.198   0.205   1.501   2.645   4.019   5.142   3.22    0.23   2.146   7.508   5.9  ]
[  8.125   6.822   6.396   9.48    9.222   8.601  10.06   11.287  13.008   0.151   0.182   0.189   1.129   2.341   3.852   5.228   3.311   0.22   2.248   7.734   5.905]
[  8.433   7.519   7.477  11.027  10.503   9.532  11.116  12.536  13.773   0.177   0.213   0.221   1.129   2.458   4.152   5.465   3.398   0.23   2.311   7.255   5.956]
[  7.936   6.93    6.87   10.089   9.671   9.012  10.722  12.099  13.586   0.166   0.199   0.207   1.119   2.353   3.989   5.371   3.352   0.22   2.226   7.029   5.938]
[  7.931   6.814   6.685   9.933   9.427   8.7    10.602  11.829  13.263   0.164   0.197   0.205   1.144   2.352   3.936   5.376   3.375   0.22   2.227   7.207   6.051]
[  8.488   7.76    7.792  12.039  11.602  10.449  11.922  13.551  15.14    0.187   0.215   0.217   1.339   2.852   4.469   5.902   3.571   0.199    2.543   7.682   6.789]
[  9.363   6.848   6.852   9.614   8.508   8.714  14.063  14.361  17.987   0.169   0.196   0.213   0.279   2.126   5.161   8.311   5.275   0.26   3.174  10.34    9.491]
  MaxT    MeanT   MinT    MaxD    MeanD   MinD     MaxH    MeanH  MinH     MaxP    MeanP   MinP    MaxV    MeanV   MinV    MaxW    MeanW   Rain   Cloud  WindDir WindDir

fitting to HMM and decoding ... classes=6
Transition matrix
[[ 0.123  0.016  0.291  0.094  0.422  0.054]
 [ 0.148  0.308  0.177  0.044  0.215  0.108]
 [ 0.02   0.006  0.576  0.193  0.088  0.117]
 [ 0.126  0.025  0.129  0.187  0.261  0.272]
 [ 0.007  0.007  0.508  0.169  0.194  0.116]
 [ 0.061  0.032  0.132  0.078  0.36   0.337]]

n=1		0.52
n=2		0.37
n=3		0.31
n=4		0.35
n=7		0.29
n=14		0.01
naive:
[  6.574   5.071   4.896   6.328   5.936   6.144   8.682   9.643  12.799   0.133   0.153   0.159   1.275   1.778   3.173   5.323   3.381   0.17   2.033   6.49    6.592]
[  8.775   7.221   6.712   8.731   8.869   8.588   9.474  10.512  12.935   0.148   0.17    0.173   1.439   2.255   3.562   5.292   3.562   0.22   2.174   8.082   6.668]
[  9.373   8.073   7.697  10.174  10.056   9.523  10.109  11.353  13.448   0.176   0.202   0.203   1.445   2.348   3.745   5.405   3.539   0.22   2.195   7.528   6.567]
[  8.699   7.487   7.213   9.464   9.365   9.083   9.867  11.063  13.227   0.166   0.19    0.194   1.441   2.264   3.637   5.354   3.496   0.21   2.146   7.173   6.544]
[  8.574   7.217   6.901   9.015   8.875   8.619   9.61   10.744  12.984   0.161   0.183   0.185   1.447   2.171   3.515   5.409   3.468   0.22   2.104   7.236   6.566]
[  6.112   4.677   4.614   5.522   5.435   5.895   8.376   9.133  12.505   0.117   0.126   0.136   1.26    1.621   3.465   5.361   3.031   0.22   2.057   4.966   5.785]
[  9.363   6.848   6.852   9.614   8.508   8.714  14.063  14.361  17.987   0.169   0.196   0.213   0.279   2.126   5.161   8.311   5.275   0.26   3.174  10.34    9.491]
  MaxT    MeanT   MinT    MaxD    MeanD   MinD     MaxH    MeanH  MinH     MaxP    MeanP   MinP    MaxV    MeanV   MinV    MaxW    MeanW   Rain   Cloud  WindDir WindDir

fitting to HMM and decoding ... classes=10
Transition matrix
[[ 0.466  0.144  0.148  0.027  0.019  0.025  0.011  0.     0.     0.159]
 [ 0.049  0.094  0.07   0.23   0.366  0.115  0.018  0.     0.     0.059]
 [ 0.095  0.186  0.179  0.207  0.175  0.041  0.024  0.     0.     0.093]
 [ 0.235  0.082  0.121  0.098  0.109  0.013  0.006  0.     0.     0.335]
 [ 0.238  0.118  0.095  0.114  0.172  0.047  0.009  0.     0.     0.207]
 [ 0.115  0.133  0.076  0.07   0.308  0.227  0.023  0.     0.     0.048]
 [ 0.093  0.042  0.048  0.346  0.16   0.033  0.216  0.     0.     0.062]
 [ 0.     0.     0.     0.     0.     0.     0.     0.     1.     0.   ]
 [ 0.     0.     0.     0.     0.     0.     1.     0.     0.     0.   ]
 [ 0.42   0.082  0.177  0.021  0.021  0.016  0.007  0.     0.     0.257]]

n=1		0.89
n=2		0.79
n=3		0.79
n=4		0.80
n=7		0.78
n=14		0.64
naive:
[  6.538   5.255   5.114   6.323   5.992   6.515   9.094   9.989  11.508   0.121   0.146   0.156   1.152   1.354   3.106   6.563   3.96    0.20   1.972   6.705   6.772]
[  7.161   5.76    5.416   7.108   6.779   6.962   9.471  10.386  11.739   0.128   0.155   0.162   1.194   1.574   3.317   6.348   3.854   0.21   2.029   7.061   6.636]
[  7.184   5.869   5.605   7.393   6.961   7.159   9.547  10.546  11.903   0.133   0.161   0.171   1.191   1.562   3.327   6.488   3.918   0.21   2.04    6.904   6.685]
[  7.036   5.711   5.479   7.11    6.752   7.051   9.442  10.418  11.851   0.129   0.156   0.165   1.194   1.518   3.261   6.448   3.902   0.21   2.016   6.844   6.717]
[  6.99    5.643   5.408   6.954   6.601   6.918   9.366  10.261  11.719   0.127   0.154   0.162   1.19    1.492   3.237   6.46    3.899   0.21   2.005   6.839   6.694]
[  6.987   5.6     5.299   6.824   6.496   6.84    9.454  10.382  11.781   0.125   0.151   0.159   1.174   1.416   3.182   6.499   3.918   0.21   1.995   6.836   6.66 ]
[  9.363   6.848   6.852   9.614   8.508   8.714  14.063  14.361  17.987   0.169   0.196   0.213   0.279   2.126   5.161   8.311   5.275   0.26   3.174  10.34    9.491]
['Max TemperatureF' 'Mean TemperatureF' 'Min TemperatureF' 'Max Dew PointF'
 'MeanDew PointF' 'Min DewpointF' 'Max Humidity' ' Mean Humidity'
 ' Min Humidity' ' Max Sea Level PressureIn' ' Mean Sea Level PressureIn'
 ' Min Sea Level PressureIn' ' Max VisibilityMiles' ' Mean VisibilityMiles'
 ' Min VisibilityMiles' ' Max Wind SpeedMPH' ' Mean Wind SpeedMPH'
 'PrecipitationIn' ' CloudCover' ' WindDirDegrees']
Using PCA



ORD#######################
(22630, 21)

(22630, 2)
  MaxT    MeanT   MinT    MaxD    MeanD   MinD     MaxH    MeanH  MinH     MaxP    MeanP   MinP    MaxV    MeanV   MinV    MaxW    MeanW   Rain   Cloud  WindDir WindDir

fitting to HMM and decoding ... classes=2
Transition matrix
[[ 0.693  0.307]
 [ 0.644  0.356]]

n=1		0.56
n=2		0.54
n=3		0.41
n=4		0.47
n=7		0.51
n=14		0.39
naive:
[  6.599   5.492   6.049   7.153   6.725   6.591   8.088   9.069  11.734   0.133   0.155   0.161   0.511   1.77    3.497   5.304   3.243   0.17   2.033   6.532   5.808]
[  7.733   6.385   6.213   8.195   7.981   7.735   8.271   9.321  12.061   0.139   0.162   0.166   0.701   2.165   3.867   5.26    3.178   0.18   2.134   7.536   5.772]
[  7.996   7.088   7.33    9.577   9.093   8.494   8.58    9.919  12.58    0.157   0.188   0.195   0.699   2.243   4.102   5.509   3.272   0.187    2.231   7.017   5.817]
[  7.569   6.606   6.864   8.89    8.436   8.07    8.491   9.74   12.493   0.151   0.179   0.187   0.693   2.171   3.98    5.461   3.273   0.18   2.163   6.811   5.821]
[  7.416   6.323   6.504   8.495   8.005   7.68    8.359   9.474  12.184   0.146   0.173   0.18    0.688   2.095   3.888   5.41    3.254   0.18   2.121   6.901   5.817]
[  7.305   6.263   6.547   8.447   8.058   7.73    8.376   9.57   12.259   0.146   0.172   0.18    0.687   2.124   3.868   5.407   3.283   0.18   2.118   6.851   5.862]
[  9.443   7.004   7.675   9.601   8.531   8.651  12.894  13.272  18.067   0.171   0.199   0.213   0.263   2.227   5.322   8.628   5.182   0.27   3.099  10.336   9.346]
  MaxT    MeanT   MinT    MaxD    MeanD   MinD     MaxH    MeanH  MinH     MaxP    MeanP   MinP    MaxV    MeanV   MinV    MaxW    MeanW   Rain   Cloud  WindDir WindDir

fitting to HMM and decoding ... classes=4
Transition matrix
[[ 0.336  0.147  0.103  0.413]
 [ 0.148  0.15   0.267  0.436]
 [ 0.251  0.019  0.595  0.135]
 [ 0.244  0.016  0.407  0.332]]

n=1		0.43
n=2		0.35
n=3		0.24
n=4		0.29
n=7		0.27
n=14		0.01
naive:
[ 10.005   8.952   8.71   11.429  11.882  11.208   9.656  11.302  13.726   0.184   0.207   0.201   1.482   3.306   4.544   5.229   3.516   0.31   2.233   7.719   6.873]
[  8.832   7.694   7.587   9.817  10.004   9.577   8.873  10.452  13.215   0.16    0.186   0.187   1.023   2.687   4.173   5.46    3.53    0.26   2.271   8.122   6.591]
[  9.393   8.732   9.089  11.741  11.626  10.683   9.53   11.539  14.053   0.19    0.223   0.223   1.025   2.85    4.542   5.607   3.525   0.26   2.393   7.576   6.472]
[  8.806   8.041   8.375  10.792  10.76   10.106   9.342  11.293  13.924   0.179   0.208   0.21    1.017   2.759   4.398   5.546   3.456   0.26   2.293   7.28    6.39 ]
[  8.805   7.864   8.054  10.552  10.408   9.724   9.228  10.978  13.572   0.177   0.207   0.208   1.033   2.718   4.321   5.562   3.515   0.26   2.237   7.535   6.548]
[  9.943   8.553   8.946  11.544  11.7    10.993  11.263  12.262  14.283   0.196   0.227   0.228   1.184   3.097   5.001   5.874   4.2     0.27   2.354   7.879   7.415]
[  9.443   7.004   7.675   9.601   8.531   8.651  12.894  13.272  18.067   0.171   0.199   0.213   0.263   2.227   5.322   8.628   5.182   0.27   3.099  10.336   9.346]
  MaxT    MeanT   MinT    MaxD    MeanD   MinD     MaxH    MeanH  MinH     MaxP    MeanP   MinP    MaxV    MeanV   MinV    MaxW    MeanW   Rain   Cloud  WindDir WindDir

fitting to HMM and decoding ... classes=6
Transition matrix
[[ 0.304  0.453  0.026  0.043  0.167  0.007]
 [ 0.208  0.487  0.04   0.082  0.169  0.015]
 [ 0.3    0.235  0.171  0.145  0.139  0.01 ]
 [ 0.075  0.092  0.293  0.419  0.107  0.014]
 [ 0.095  0.093  0.304  0.279  0.196  0.033]
 [ 0.082  0.042  0.505  0.127  0.039  0.205]]

n=1		0.77
n=2		0.60
n=3		0.62
n=4		0.62
n=7		0.60
n=14		0.32
naive:
[  8.693   6.866   6.468   6.329   6.179   6.911  10.005  11.781  13.589   0.122   0.143   0.15    0.463   1.629   3.798   5.787   3.529   0.23   2.079   8.042   5.963]
[  8.772   7.163   6.776   7.63    7.403   7.497  10.194  12.033  13.844   0.133   0.159   0.163   0.578   2.01    4.154   5.672   3.431   0.23   2.208   8.13    5.968]
[  8.938   7.415   7.134   7.995   7.679   7.892  10.177  12.175  14.139   0.142   0.17    0.175   0.58    1.99    4.166   5.836   3.54    0.23   2.221   7.951   5.967]
[  8.733   7.197   6.95    7.634   7.407   7.715  10.042  12.061  14.031   0.138   0.164   0.17    0.578   1.938   4.074   5.785   3.507   0.23   2.185   7.866   5.972]
[  8.694   7.057   6.784   7.366   7.14    7.503   9.972  11.837  13.83    0.134   0.159   0.165   0.568   1.882   4.017   5.781   3.507   0.235    2.145   7.939   5.978]
[  8.718   6.952   6.549   7.314   6.95    7.18   10.238  12.38   14.348   0.131   0.155   0.159   0.51    1.8     4.097   5.921   3.524   0.25   2.19    8.031   6.016]
[  9.443   7.004   7.675   9.601   8.531   8.651  12.894  13.272  18.067   0.171   0.199   0.213   0.263   2.227   5.322   8.628   5.182   0.27   3.099  10.336   9.346]
  MaxT    MeanT   MinT    MaxD    MeanD   MinD     MaxH    MeanH  MinH     MaxP    MeanP   MinP    MaxV    MeanV   MinV    MaxW    MeanW   Rain   Cloud  WindDir WindDir

fitting to HMM and decoding ... classes=10
Transition matrix
[[ 0.103  0.024  0.022  0.019  0.008  0.26   0.03   0.11   0.117  0.307]
 [ 0.042  0.326  0.042  0.097  0.008  0.049  0.027  0.314  0.049  0.047]
 [ 0.103  0.025  0.07   0.012  0.016  0.117  0.083  0.028  0.269  0.276]
 [ 0.115  0.104  0.105  0.118  0.003  0.101  0.033  0.367  0.027  0.027]
 [ 0.046  0.     0.002  0.005  0.13   0.31   0.024  0.274  0.041  0.167]
 [ 0.03   0.036  0.061  0.043  0.001  0.07   0.057  0.573  0.037  0.091]
 [ 0.177  0.013  0.065  0.024  0.031  0.243  0.101  0.053  0.145  0.148]
 [ 0.029  0.078  0.086  0.086  0.001  0.027  0.046  0.604  0.03   0.013]
 [ 0.088  0.025  0.06   0.01   0.009  0.091  0.043  0.119  0.318  0.238]
 [ 0.044  0.05   0.093  0.047  0.     0.041  0.047  0.454  0.104  0.12 ]]

n=1		0.46
n=2		0.31
n=3		0.24
n=4		0.26
n=7		0.14
n=14		0.00
naive:
[  8.281   9.068  10.12   10.669  13.5    14.322   9.565  12.942  16.115   0.254   0.24    0.228   2.662   4.433   4.547   6.523   5.566   0.54   2.187   6.87   11.877]
[  8.421   7.865   8.251   9.335  10.407  10.699   9.23   11.812  15.023   0.19    0.202   0.201   1.555   3.169   4.196   6.251   4.678   0.37   2.27    7.719   9.135]
[  8.955   8.846   9.539  10.546  11.731  11.793   9.807  12.747  15.663   0.218   0.229   0.226   1.569   3.311   4.435   6.087   4.529   0.37   2.3     7.379   8.903]
[  8.468   8.391   9.178  10.001  11.282  11.606   9.579  12.324  15.301   0.209   0.218   0.217   1.581   3.272   4.309   6.076   4.487   0.37   2.221   7.187   8.968]
[  8.807   8.899   9.61   10.742  12.174  12.367   9.802  12.407  15.306   0.228   0.235   0.231   1.852   3.573   4.401   6.152   4.899   0.40   2.261   7.482  10.021]
[ 10.078  10.302   9.249  14.09   14.741  15.461   6.889  11.35   15.267   0.227   0.234   0.236   2.191   3.133   3.64    5.436   4.578   0.40   3.238   7.916   8.249]
[  9.443   7.004   7.675   9.601   8.531   8.651  12.894  13.272  18.067   0.171   0.199   0.213   0.263   2.227   5.322   8.628   5.182   0.27   3.099  10.336   9.346]
