
#####       LGA     #####
(25103, 21)

fitting to  HMM,    c=2
[[  .91   .09]
 [  .17   .83]]
  MaxT  MeanT   MinT    MaxD    MeanD   MinD    MaxH    MeanH   MinH    MaxP    MeanP   MinP    MaxV    MeanV   MinV    MaxW    MeanW   Rain    Cloud   WindDir WindDir
[[52.23 45.97   39.54   38.43   31.77   25.33   76.99   60.45   44.49   29.79   29.61   29.42   14.6    11.2     7.22   20.22   12.67     .      2.46    3.44   -3.73]
 [79.05 72.12   65.15   65.09   60.7    55.67   86.51   70.48   52.35   29.69   29.49   29.32   12.11    8.05    4.17   17.6     9.82     .11    2.81   -1.51   -0.60]]
  MaxT  MeanT   MinT    MaxD    MeanD   MinD    MaxH    MeanH   MinH    MaxP    MeanP   MinP    MaxV    MeanV   MinV    MaxW    MeanW   Rain    Cloud   WindDir WindDir
HMM,    c=2.0:  4.583
 [11.26 10.37    9.79   10.2    10.54   11.12   12.5    11.99   12.98     .39     .49     .46    3.72    1.7     3.54    4.85    3.28     .08    2.73    5.67    6.36]

fitting to  HMM,    c=4
[[  .86   .       .03     .11]
 [  .     .83     .08     .09]
 [  .11   .34     .3      .24]
 [  .12   .09     .08     .71]]
  MaxT  MeanT   MinT    MaxD    MeanD   MinD    MaxH    MeanH   MinH    MaxP    MeanP   MinP    MaxV    MeanV   MinV    MaxW    MeanW   Rain    Cloud   WindDir WindDir
[[81.25 74.1    66.93   65.93   61.55   56.64   84.68   67.93   49.62   29.7    29.51   29.35   12.44    8.58    4.78   17.05    9.56     .      2.54   -1.47   -1.31]
 [41.12 35.44   29.55   27.46   20.37   13.83   72.4    56.26   41.75   29.8    29.63   29.43   15.06   11.79    7.76   21.31   13.93     .      2.27    5.01   -6.53]
 [53.77 48.95   44.     49.86   44.9    39.06   96.22   87.13   73.17   29.65   29.37   29.18   11.05    5.82    1.73   22.19   12.86     .46    4.57    2.37    5.14]
 [64.19 57.04   49.75   48.81   42.32   35.83   79.37   61.03   42.88   29.79   29.62   29.44   14.55   11.25    7.29   18.8    11.25     .      2.37    1.52   -2.12]]
  MaxT  MeanT   MinT    MaxD    MeanD   MinD    MaxH    MeanH   MinH    MaxP    MeanP   MinP    MaxV    MeanV   MinV    MaxW    MeanW   Rain    Cloud   WindDir WindDir
HMM,    c=4.0:  4.466
 [08.16  7.34    6.89    7.88    8.17    8.75   12.34   11.8    12.84     .39     .49     .46    3.75    1.63    3.52    4.78    3.22     .08    2.73    5.59    6.25]

fitting to  HMM,    c=6
[[  .41   .       .15     .       .37     .08]
 [  .     .76     .       .2      .       .04]
 [  .04   .       .66     .1      .12     .08]
 [  .     .19     .1      .65     .       .06]
 [  .15   .       .12     .       .71     .02]
 [  .03   .09     .33     .18     .07     .29]]
  MaxT  MeanT   MinT    MaxD    MeanD   MinD    MaxH    MeanH   MinH    MaxP    MeanP   MinP    MaxV    MeanV   MinV    MaxW    MeanW   Rain    Cloud   WindDir WindDir
[[41.84 37.52   33.13   36.7    31.41   25.09   92.91   79.7    63.68   29.74   29.52   29.29   11.68    6.78    2.49   20.13   11.92     .01    3.48    4.88    2.45]
 [83.64 76.58   69.52   68.85   64.93   60.31   86.63   70.25   51.86   29.65   29.46   29.29   11.57    7.55    3.85   17.1     9.44     .      2.72   -2.61   -1.76]
 [57.4  50.6    43.61   42.42   35.46   28.75   77.53   59.1    41.6    29.75   29.58   29.4    14.64   11.31    7.29   19.87   12.05     .      2.48    1.89   -3.92]
 [74.46 66.94   59.36   57.54   51.88   46.05   79.51   61.25   42.79   29.81   29.64   29.46   14.53   11.27    7.39   17.44   10.23     .      2.12    1.09   -1.21]
 [37.63 31.94   26.01   23.01   15.68    9.27   68.05   52.57   39.38   29.84   29.69   29.48   15.63   12.66    8.73   21.75   14.75     .      2.02    5.89   -7.95]
 [60.6  55.44   50.12   56.1    51.26   45.35   96.5    87.24   72.56   29.63   29.34   29.17   11.08    5.8     1.57   21.76   12.32     .53    4.64     .43    4.91]]
  MaxT  MeanT   MinT    MaxD    MeanD   MinD    MaxH    MeanH   MinH    MaxP    MeanP   MinP    MaxV    MeanV   MinV    MaxW    MeanW   Rain    Cloud   WindDir WindDir
HMM,    c=6.0:  4.414
 [07.57  6.71    6.28    7.25    7.52    8.13   12.14   11.6    12.7      .38     .48     .46    3.76    1.62    3.45    4.77    3.22     .08    2.72    5.62    6.29]

fitting to  HMM,    c=8
[[  .66   .       .07     .01     .05     .06     .07     .09]
 [  .01   .73     .05     .       .       .       .       .22]
 [  .28   .15     .36     .       .02     .       .       .19]
 [  .     .       .       .64     .03     .01     .32     .  ]
 [  .16   .       .03     .09     .29     .01     .42     .  ]
 [  .36   .       .       .05     .02     .37     .21     .  ]
 [  .1    .       .       .2      .12     .02     .56     .  ]
 [  .1    .23     .07     .       .       .       .       .60]]
  MaxT  MeanT   MinT    MaxD    MeanD   MinD    MaxH    MeanH   MinH    MaxP    MeanP   MinP    MaxV    MeanV   MinV    MaxW    MeanW   Rain    Cloud   WindDir WindDir
[[62.79 55.65   48.38   47.82   41.08   34.35   79.89   61.19   42.77   29.77   29.6    29.42   14.4    11.01    6.94   19.19   11.44     .      2.44    1.25   -2.40]
 [84.08 77.02   69.97   69.35   65.59   61.1    87.03   70.78   52.36   29.65   29.45   29.29   11.37    7.34    3.69   17.13    9.43     .      2.76   -2.9    -1.84]
 [67.71 62.64   57.51   61.78   57.97   53.28   96.05   86.35   71.88   29.66   29.42   29.26   11.      6.05    1.8    19.3    10.99     .43    4.42   -0.43    4.46]
 [33.66 27.87   21.91   18.64   11.17    4.82   65.65   50.84   38.39   29.86   29.72   29.51   15.95   13.18    9.33   22.51   15.59     .      1.83    6.99   -8.84]
 [48.59 43.67   38.6    45.62   40.08   33.6    97.19   87.96   73.34   29.67   29.38   29.18   11.01    5.51    1.45   22.31   12.96     .2     4.27    3.05    5.35]
 [53.71 46.63   39.39   30.04   23.82   18.47   57.04   42.58   29.62   29.83   29.68   29.47   17.83   16.36   13.99   21.43   14.72     .11    1.81    6.92   -9.03]
 [45.35 39.93   34.28   34.29   27.52   20.77   80.36   63.19   46.94   29.76   29.57   29.37   13.86    9.97    5.62   20.13   12.35     .      2.73    3.16   -3.88]
 [77.83 70.12   62.36   59.57   53.95   48.25   77.67   58.98   40.51   29.8    29.64   29.46   14.76   11.61    7.75   17.24   10.07     .      1.93    1.19   -1.65]]
  MaxT  MeanT   MinT    MaxD    MeanD   MinD    MaxH    MeanH   MinH    MaxP    MeanP   MinP    MaxV    MeanV   MinV    MaxW    MeanW   Rain    Cloud   WindDir WindDir
HMM,    c=8.0:  4.392
 [07.1   6.17    5.68    6.83    7.07    7.64   12.03   11.5    12.65     .38     .48     .46    3.74    1.54    3.45    4.78    3.21     .08    2.71    5.64    6.25]

fitting to  HMM,    c=10
[[  .49   .01     .       .       .01     .39     .       .       .       .10]
 [  .04   .09     .08     .23     .04     .08     .18     .03     .06     .17]
 [  .     .03     .35     .2      .       .       .18     .24     .       .  ]
 [  .     .01     .06     .68     .       .03     .14     .05     .03     .01]
 [  .27   .       .       .       .42     .09     .       .       .       .21]
 [  .03   .01     .       .08     .       .62     .02     .       .06     .19]
 [  .     .       .02     .29     .       .07     .49     .03     .03     .07]
 [  .     .01     .13     .19     .       .       .27     .4      .01     .  ]
 [  .     .01     .       .04     .       .13     .21     .       .15     .47]
 [  .11   .       .       .       .01     .31     .02     .       .02     .53]]
  MaxT  MeanT   MinT    MaxD    MeanD   MinD    MaxH    MeanH   MinH    MaxP    MeanP   MinP    MaxV    MeanV   MinV    MaxW    MeanW   Rain    Cloud   WindDir WindDir
[[29.93 24.15   18.2    13.49    6.54     .84   61.5    48.07   36.62   30.     29.88   29.63   16.24   13.99   10.58   22.88   16.23     .      1.42    7.99   -9.77]
 [63.77 58.     52.14   58.2    52.01   44.73   94.68   82.9    65.28   29.76   29.59   29.16   12.12    6.48    1.84   23.99   13.4     1.85    4.74     .8     3.90]
 [83.48 77.06   70.69   71.87   68.84   65.33   92.27   78.5    61.14   29.54   29.25   29.     10.13    6.06    2.55   17.23    9.28     .      3.25   -4.98   -0.48]
 [75.91 68.74   61.59   60.37   55.64   50.61   82.43   65.94   48.05   30.     30.     29.71   13.21    9.78    6.14   16.48    9.43     .      2.34   -0.61     .76]
 [28.91 23.03   16.95   12.19    5.36   -0.78   60.99   47.88   37.71   29.2    29.15   29.08   17.34   15.25   11.16   24.8    18.28     .48    1.83    5.9    -14.64]
 [49.33 43.18   36.95   35.68   28.98   22.79   76.28   59.99   44.53   30.     30.     29.66   14.24   10.87    7.13   18.69   11.71     .      2.46    3.09   -1.68]
 [75.34 68.16   60.83   60.61   54.91   48.66   84.03   65.83   46.97   29.43   29.     29.     13.81    9.86    5.54   18.7    10.87     .      2.69     .89   -3.20]
 [89.64 81.55   73.44   69.98   65.65   60.4    80.58   61.19   41.8    29.32   29.     29.     12.      8.03    4.35   18.29   10.12     .      2.2    -1.49   -6.60]
 [58.13 53.     47.61   54.37   49.2    42.67   97.2    88.02   72.82   29.48   29.     29.     11.21    5.68    1.41   23.57   13.31     .47    4.66     .39    5.03]
 [49.07 43.3    37.21   37.14   30.01   22.79   79.94   62.39   45.77   29.44   29.     29.     14.59   10.76    6.18   22.88   14.22     .      2.79    4.06   -7.18]]
  MaxT  MeanT   MinT    MaxD    MeanD   MinD    MaxH    MeanH   MinH    MaxP    MeanP   MinP    MaxV    MeanV   MinV    MaxW    MeanW   Rain    Cloud   WindDir WindDir
HMM,    c=10.0: 4.097
 [08.7   7.88    7.47    8.12    8.37    9.01   12.27   11.71   12.73     .34     .4      .4     3.76    1.49    3.52    4.67    3.15     .08    2.72    5.56    6.02]


#####       SFO     #####
(25295, 21)

fitting to  HMM,    c=2
[[  .99   .01]
 [  .73   .27]]
  MaxT  MeanT   MinT    MaxD    MeanD   MinD    MaxH    MeanH   MinH    MaxP    MeanP   MinP    MaxV    MeanV   MinV    MaxW    MeanW   Rain    Cloud   WindDir WindDir
[[64.12 56.84   49.5    51.02   47.43   43.63   90.14   74.84   54.81   29.76   29.6    29.43   15.2    11.      7.22   19.83    9.82     .      2.04    1.28   -6.29]
 [58.78 54.54   49.99   53.21   49.26   44.7    93.59   83.23   69.7    29.44   29.16   29.08   14.92    8.93    3.09   29.74   15.28    1.96    4.39   -10.19  -2.19]]
  MaxT  MeanT   MinT    MaxD    MeanD   MinD    MaxH    MeanH   MinH    MaxP    MeanP   MinP    MaxV    MeanV   MinV    MaxW    MeanW   Rain    Cloud   WindDir WindDir
HMM,    c=2.0:  6.597
 [06.62  5.44    4.9     4.55    4.85    6.      6.24    8.     10.59     .39     .49     .48    5.22    1.46    2.6     5.91    3.67     .05    2.26    3.09    5.12]

fitting to  HMM,    c=4
[[  .79   .01     .02     .18]
 [  .37   .14     .01     .47]
 [  .49   .01     .41     .08]
 [  .25   .01     .01     .72]]
  MaxT  MeanT   MinT    MaxD    MeanD   MinD    MaxH    MeanH   MinH    MaxP    MeanP   MinP    MaxV    MeanV   MinV    MaxW    MeanW   Rain    Cloud   WindDir WindDir
[[62.06 55.1    48.04   50.13   46.48   42.5    91.05   76.11   56.24   30.     30.     29.71   15.02   10.74    6.92   18.62    9.07     .      2.15     .88   -5.65]
 [58.75 54.24   49.37   52.73   48.67   43.88   93.51   82.68   68.21   29.48   29.2    29.1    14.99    8.87    3.26   28.17   14.18    2.74    4.09   -8.59   -2.47]
 [58.67 50.76   42.64   37.52   29.45   21.95   70.87   47.29   28.28   29.93   29.79   29.65   16.93   14.44   12.28   19.57   11.09     .       .2     5.62   -0.92]
 [67.37 59.73   52.08   53.22   50.01   46.72   90.14   74.97   54.74   29.39   29.     29.     15.36   11.13    7.26   21.78   10.93     .      2.05    1.35   -7.49]]
  MaxT  MeanT   MinT    MaxD    MeanD   MinD    MaxH    MeanH   MinH    MaxP    MeanP   MinP    MaxV    MeanV   MinV    MaxW    MeanW   Rain    Cloud   WindDir WindDir
HMM,    c=4.0:  5.363
 [06.31  5.1     4.55    4.34    4.52    5.58    6.22    7.98   10.53     .31     .34     .38    5.22    1.44    2.6     5.76    3.61     .05    2.26    3.1     4.98]

fitting to  HMM,    c=6
[[  .34   .       .29     .04     .18     .15]
 [  .03   .26     .08     .05     .44     .14]
 [  .04   .01     .49     .08     .28     .10]
 [  .01   .       .04     .75     .       .20]
 [  .02   .01     .09     .       .79     .08]
 [  .01   .       .05     .2      .07     .67]]
  MaxT  MeanT   MinT    MaxD    MeanD   MinD    MaxH    MeanH   MinH    MaxP    MeanP   MinP    MaxV    MeanV   MinV    MaxW    MeanW   Rain    Cloud   WindDir WindDir
[[58.6  54.78   50.83   54.24   50.68   46.49   95.38   86.3    73.72   29.39   29.     29.     14.36    8.5     2.45   26.64   13.46     .47    4.84   -9.69   -0.63]
 [55.45 52.71   45.64   40.43   33.81   27.61   72.07   54.27   38.83   29.94   29.86   29.56   16.57   13.05    9.95   21.85   12.61    2.73    1.71    4.3    -0.16]
 [60.81 54.16   47.33   48.08   43.77   38.82   87.75   71.81   52.9    29.49   29.     29.     16.19   11.75    7.44   21.37   10.83     .      2.34   -0.31   -6.04]
 [70.42 62.16   53.96   55.05   52.23   49.56   90.55   75.24   54.05   29.35   29.     29.     15.11   11.05    7.51   21.82   10.92     .      1.74    2.62   -8.43]
 [57.97 50.79   43.53   46.06   41.51   36.6    89.73   73.39   53.12   30.     30.     29.83   14.52   10.51    6.89   16.32    7.66     .      1.82     .76   -3.14]
 [66.19 59.26   52.34   53.71   50.75   47.55   91.52   77.5    58.01   30.     30.     29.6    15.62   11.17    7.24   20.99   10.57     .      2.37    1.2    -8.01]]
  MaxT  MeanT   MinT    MaxD    MeanD   MinD    MaxH    MeanH   MinH    MaxP    MeanP   MinP    MaxV    MeanV   MinV    MaxW    MeanW   Rain    Cloud   WindDir WindDir
HMM,    c=6.0:  5.041
 [05.25  3.86    3.37    3.54    3.47    4.25    6.23    8.03   10.5      .3      .32     .35    5.24    1.47    2.55    5.45    3.44     .04    2.26    3.05    4.54]

fitting to  HMM,    c=8
[[  .44   .       .01     .03     .       .43     .       .09]
 [  .04   .22     .01     .12     .03     .12     .38     .07]
 [  .02   .01     .34     .08     .       .       .5      .05]
 [  .01   .       .03     .51     .03     .03     .19     .19]
 [  .     .       .       .5      .15     .       .15     .20]
 [  .05   .       .       .04     .       .71     .       .19]
 [  .     .       .01     .06     .01     .       .75     .16]
 [  .06   .       .01     .16     .01     .21     .32     .23]]
  MaxT  MeanT   MinT    MaxD    MeanD   MinD    MaxH    MeanH   MinH    MaxP    MeanP   MinP    MaxV    MeanV   MinV    MaxW    MeanW   Rain    Cloud   WindDir WindDir
[[83.82 69.48   55.22   56.62   50.6    44.89   83.32   59.59   30.34   29.27   29.     29.     15.73   11.58    7.87   20.73    8.51     .       .49    4.56   -5.84]
 [49.94 54.92   47.88   49.24   45.     40.27   88.35   72.63   54.47   29.75   29.61   29.48   15.9    11.28    6.84   22.84   10.78    7.25    3.94   -0.46   -4.70]
 [58.78 51.07   43.15   36.83   28.65   21.19   68.2    45.2    27.36   29.94   29.79   29.51   17.02   14.59   12.55   20.69   12.01     .       .28    6.68   -0.70]
 [59.55 53.85   48.08   49.48   45.93   41.9    90.51   76.95   59.7    29.51   29.     29.     15.67   11.16    6.68   21.73   11.18     .      2.79   -1.57   -5.93]
 [58.09 54.14   50.04   53.89   49.93   45.14   94.91   85.77   72.7    29.41   29.09   29.     14.7     8.18    2.24   29.44   15.45    1.02    4.33   -11.42  -1.97]
 [69.56 61.84   54.18   55.04   52.6    50.28   91.11   76.49   55.95   29.33   29.     29.     15.08   11.04    7.59   22.01   11.22     .      1.82    2.81   -8.90]
 [60.69 53.68   46.58   49.03   45.12   40.85   91.14   75.96   56.01   30.     30.     30.     14.71   10.53    6.77   17.34    8.27     .      2.08     .85   -4.52]
 [65.06 58.01   50.96   52.16   48.93   45.45   90.42   75.59   55.82   30.     30.     29.11   15.74   11.32    7.42   21.3    10.76     .      2.21    1.03   -7.93]]
  MaxT  MeanT   MinT    MaxD    MeanD   MinD    MaxH    MeanH   MinH    MaxP    MeanP   MinP    MaxV    MeanV   MinV    MaxW    MeanW   Rain    Cloud   WindDir WindDir
HMM,    c=8.0:  4.715
 [05.39  4.25    3.89    3.94    4.      4.91    6.18    7.89   10.43     .28     .29     .29    5.22    1.45    2.55    5.6     3.49     .04    2.25    3.03    4.76]

fitting to  HMM,    c=10
[[  .4    .01     .01     .02     .03     .02     .05     .       .45     .01]
 [  .     .16     .       .44     .       .05     .18     .02     .15     .  ]
 [  .06   .03     .19     .06     .03     .       .1      .1      .38     .05]
 [  .02   .03     .       .5      .01     .02     .19     .03     .18     .01]
 [  .16   .       .01     .15     .19     .06     .08     .01     .18     .16]
 [  .22   .05     .       .11     .01     .4      .03     .       .18     .  ]
 [  .02   .01     .       .16     .       .01     .21     .2      .35     .05]
 [  .     .       .       .03     .       .       .15     .7      .06     .05]
 [  .03   .01     .       .05     .       .       .15     .03     .72     .01]
 [  .     .       .       .03     .02     .       .08     .43     .02     .42]]
  MaxT  MeanT   MinT    MaxD    MeanD   MinD    MaxH    MeanH   MinH    MaxP    MeanP   MinP    MaxV    MeanV   MinV    MaxW    MeanW   Rain    Cloud   WindDir WindDir
[[59.51 51.22   42.75   38.91   31.03   23.5    73.18   49.29   28.91   30.     30.     29.78   16.87   14.2    11.88   19.19   10.36     .       .39    4.64   -1.71]
 [58.13 54.23   50.2    53.92   49.99   45.24   94.85   85.74   72.69   29.41   29.08   29.     14.65    8.18    2.25   29.92   15.47     .99    4.39   -11.42  -1.96]
 [46.6  54.44   47.72   49.61   45.58   41.11   89.72   74.66   57.07   29.81   29.7    29.55   15.95   11.22    6.79   20.22   10.33    7.8     4.11   -0.33   -4.46]
 [59.11 53.64   48.1    49.51   46.03   42.04   90.78   77.57   60.78   29.49   29.     29.     15.62   11.05    6.49   22.01   11.39     .      2.93   -1.92   -6.02]
 [69.46 59.76   49.81   43.39   34.81   26.4    68.81   43.24   23.4    29.55   29.     29.     16.77   14.25   11.91   22.     12.45     .05     .33    7.07   -3.99]
 [50.19 44.32   38.38   40.15   35.57   30.69   88.58   72.12   53.52   29.64   29.23   29.     17.02   12.94    8.94   19.01    9.32     .      1.45     .57   -3.28]
 [64.76 57.75   50.76   52.06   48.82   45.3    90.56   75.87   56.21   30.     30.     29.     15.67   11.23    7.29   21.3    10.76     .      2.25     .87   -7.83]
 [69.24 61.62   54.07   54.95   52.47   50.1    91.11   76.6    56.26   29.35   29.     29.     15.09   11.03    7.53   21.92   11.18     .      1.88    2.55   -8.75]
 [61.15 54.18   47.14   49.65   45.95   41.9    91.61   76.83   56.97   30.     30.     30.     14.69   10.46    6.66   17.54    8.39     .      2.15     .83   -4.85]
 [83.25 69.03   54.9    56.59   50.68   44.93   83.98   60.5    30.91   29.29   29.     29.     15.7    11.48    7.72   20.77    8.5      .       .54    4.5    -5.91]]
  MaxT  MeanT   MinT    MaxD    MeanD   MinD    MaxH    MeanH   MinH    MaxP    MeanP   MinP    MaxV    MeanV   MinV    MaxW    MeanW   Rain    Cloud   WindDir WindDir
HMM,    c=10.0: 4.781
 [05.38  4.25    3.88    3.86    3.89    4.79    6.14    7.81   10.29     .29     .29     .3     5.21    1.44    2.55    5.64    3.52     .04    2.24    3.03    4.78]


#####       MDW     #####
(25250, 21)

fitting to  HMM,    c=2
[[  .8    .20]
 [  .05   .95]]
  MaxT  MeanT   MinT    MaxD    MeanD   MinD    MaxH    MeanH   MinH    MaxP    MeanP   MinP    MaxV    MeanV   MinV    MaxW    MeanW   Rain    Cloud   WindDir WindDir
[[82.72 74.21   65.62   67.22   62.62   57.23   87.63   69.65   50.41   29.61   29.4    29.22   12.06    8.11    4.08   15.7     8.25     .39    2.52   -2.75   -1.27]
 [52.08 44.35   36.43   39.29   33.11   26.75   83.9    67.01   50.06   29.8    29.62   29.43   13.35    9.5     5.24   17.46   10.29     .      2.67   -0.24   -2.58]]
  MaxT  MeanT   MinT    MaxD    MeanD   MinD    MaxH    MeanH   MinH    MaxP    MeanP   MinP    MaxV    MeanV   MinV    MaxW    MeanW   Rain    Cloud   WindDir WindDir
HMM,    c=2.0:  4.785
 [14.85 13.52   12.76   12.     12.07   12.42    8.93   10.8    13.52     .37     .48     .45    3.15    1.34    3.69    4.54    2.94     .1     2.92    5.54    5.34]

fitting to  HMM,    c=4
[[  .78   .03     .03     .16]
 [  .34   .03     .26     .37]
 [  .04   .01     .83     .12]
 [  .21   .03     .23     .54]]
  MaxT  MeanT   MinT    MaxD    MeanD   MinD    MaxH    MeanH   MinH    MaxP    MeanP   MinP    MaxV    MeanV   MinV    MaxW    MeanW   Rain    Cloud   WindDir WindDir
[[76.79 67.58   58.33   59.32   53.96   48.11   83.7    63.94   44.7    30.     29.73   29.47   13.26    9.53    5.5    15.07    8.09     .      2.3    -0.97   -0.12]
 [67.15 60.52   52.99   59.38   53.37   45.9    93.57   80.11   61.75   29.55   29.27   29.09   11.8     6.85    2.14   22.75   10.71    3.85    4.06   -2.42     .13]
 [39.82 32.8    25.6    28.95   22.67   16.48   83.44   67.97   52.31   30.     29.79   29.55   13.22    9.38    5.12   17.47   10.69     .      2.7      .5    -3.22]
 [65.4  57.69   49.74   52.93   47.16   40.78   87.52   70.88   52.91   29.     29.     29.     12.68    8.64    4.3    18.73   10.81     .      2.87   -2.61   -3.99]]
  MaxT  MeanT   MinT    MaxD    MeanD   MinD    MaxH    MeanH   MinH    MaxP    MeanP   MinP    MaxV    MeanV   MinV    MaxW    MeanW   Rain    Cloud   WindDir WindDir
HMM,    c=4.0:  4.434
 [12.65 11.59   11.09   10.54   10.66   11.11    8.97   10.71   13.29     .32     .43     .42    3.14    1.31    3.69    4.45    2.89     .1     2.9     5.57    5.19]

fitting to  HMM,    c=6
[[  .7    .23     .02     .02     .03     .  ]
 [  .27   .64     .05     .       .04     .  ]
 [  .03   .02     .56     .38     .01     .  ]
 [  .04   .       .23     .72     .01     .  ]
 [  .24   .34     .25     .13     .03     .  ]
 [  .3    .13     .16     .38     .03     .  ]]
  MaxT  MeanT   MinT    MaxD    MeanD   MinD    MaxH    MeanH   MinH    MaxP    MeanP   MinP    MaxV    MeanV   MinV    MaxW    MeanW   Rain    Cloud   WindDir WindDir
[[75.86 66.62   57.37   57.75   52.6    47.07   82.81   62.77   43.73   30.     30.     29.64   13.36    9.72    5.78   14.53    7.8      .      2.13   -0.56     .55]
 [80.12 71.32   62.4    64.37   58.96   52.66   86.56   67.84   47.98   29.38   29.     29.     12.91    9.05    4.74   17.02    9.23     .      2.6    -2.97   -2.71]
 [47.92 40.91   33.52   38.73   31.96   25.     87.58   72.63   56.67   29.48   29.     29.     12.71    8.44    4.05   20.09   12.15     .      3.3    -1.25   -4.67]
 [38.07 31.15   24.1    26.84   20.8    14.91   82.53   67.04   51.47   30.     30.     29.69   13.29    9.56    5.34   16.77   10.29     .      2.52     .83   -2.90]
 [68.57 61.74   54.3    61.08   54.95   47.05   94.71   81.25   62.17   29.51   29.24   29.04   11.66    6.53    1.78   22.91   10.7     1.09    4.09   -2.35     .32]
 [60.98 52.07   43.05   41.71   36.34   30.47   75.82   59.32   44.     29.88   29.53   29.18   14.17   11.01    7.12   16.      9.27   32.71    3.83   -0.53   -2.67]]
  MaxT  MeanT   MinT    MaxD    MeanD   MinD    MaxH    MeanH   MinH    MaxP    MeanP   MinP    MaxV    MeanV   MinV    MaxW    MeanW   Rain    Cloud   WindDir WindDir
HMM,    c=6.0:  4.29
 [10.41  9.49    9.24    8.8     9.03    9.58    8.92   10.62   13.07     .34     .4      .4     3.14    1.3     3.67    4.42    2.81     .1     2.89    5.59    5.15]

fitting to  HMM,    c=8
[[  .69   .03     .25     .       .01     .       .02     .  ]
 [  .07   .62     .06     .2      .01     .02     .       .01]
 [  .22   .05     .64     .05     .       .       .03     .  ]
 [  .     .17     .02     .56     .01     .2      .       .03]
 [  .2    .13     .07     .4      .01     .15     .02     .03]
 [  .     .07     .       .17     .01     .69     .       .07]
 [  .2    .13     .51     .12     .02     .       .03     .  ]
 [  .     .       .       .31     .02     .25     .       .42]]
  MaxT  MeanT   MinT    MaxD    MeanD   MinD    MaxH    MeanH   MinH    MaxP    MeanP   MinP    MaxV    MeanV   MinV    MaxW    MeanW   Rain    Cloud   WindDir WindDir
[[79.2  70.09   60.98   61.19   56.35   50.98   83.43   63.64   44.68   30.     30.     29.64   13.17    9.48    5.6    14.19    7.5      .      2.17   -0.91     .48]
 [56.37 47.86   39.27   40.3    34.64   29.07   82.28   62.98   44.42   30.     30.     29.66   13.68   10.18    6.15   16.13    9.33     .      2.33     .66   -0.31]
 [80.22 71.39   62.43   64.46   59.04   52.69   86.54   67.88   48.07   29.38   29.     29.     12.9     9.03    4.73   17.03    9.25     .      2.6    -3.03   -2.72]
 [48.35 41.24   33.74   38.9    32.04   25.05   87.26   72.04   55.88   29.46   29.     29.     12.85    8.59    4.17   20.21   12.23     .      3.25   -1.25   -4.83]
 [57.65 50.11   42.36   49.57   42.72   34.26   91.74   77.96   59.79   29.68   29.39   29.13   11.97    7.1     3.03   25.24   11.39    7.12    4.48     .22    1.73]
 [29.44 22.68   15.79   19.5    12.73    6.24   80.52   66.21   51.79   30.     30.     29.73   13.72    9.89    5.39   17.24   10.92     .      2.32    1.01   -4.65]
 [75.48 69.01   61.43   67.18   61.7    54.39   94.58   80.68   61.42   29.44   29.19   29.     11.8     6.82    1.67   20.93    9.95    1.17    3.76   -4.07   -1.09]
 [36.84 33.1    29.23   32.66   28.86   24.41   94.33   84.22   72.23   30.     29.77   29.43    9.27    5.14    1.78   15.08    9.       .      4.07     .15     .15]]
  MaxT  MeanT   MinT    MaxD    MeanD   MinD    MaxH    MeanH   MinH    MaxP    MeanP   MinP    MaxV    MeanV   MinV    MaxW    MeanW   Rain    Cloud   WindDir WindDir
HMM,    c=8.0:  4.229
 [09.05  8.08    7.91    7.82    7.95    8.43    8.85   10.48   12.91     .34     .4      .4     3.15    1.27    3.65    4.42    2.81     .1     2.89    5.6     5.10]

fitting to  HMM,    c=10
[[  .6    .02     .       .06     .02     .       .25     .       .03     .01]
 [  .28   .49     .       .       .06     .       .17     .       .       .  ]
 [  .     .       .7      .15     .       .02     .       .       .13     .  ]
 [  .03   .       .16     .53     .       .03     .01     .       .23     .02]
 [  .54   .07     .       .       .04     .       .33     .       .       .01]
 [  .     .       .13     .38     .       .3      .       .       .19     .01]
 [  .22   .04     .       .01     .02     .       .68     .       .02     .  ]
 [  .1    .05     .18     .16     .       .       .35     .       .13     .03]
 [  .03   .       .04     .22     .       .04     .06     .       .6      .01]
 [  .07   .       .08     .53     .       .       .07     .       .23     .01]]
  MaxT  MeanT   MinT    MaxD    MeanD   MinD    MaxH    MeanH   MinH    MaxP    MeanP   MinP    MaxV    MeanV   MinV    MaxW    MeanW   Rain    Cloud   WindDir WindDir
[[78.73 69.89   60.89   63.12   57.43   50.79   86.29   67.48   47.63   29.38   29.     29.     13.05    9.16    4.82   17.21    9.38     .      2.62   -2.76   -2.66]
 [89.71 81.06   72.44   73.52   70.05   66.16   89.12   71.75   52.41   29.54   29.25   29.     11.49    7.82    3.86   16.3     8.61     .      2.6    -5.33   -3.25]
 [26.39 19.46   12.37   16.77    9.58    2.69   79.81   65.87   51.82   30.     30.     29.75   13.83    9.97    5.33   17.39   11.12     .      2.23    1.11   -5.49]
 [48.16 40.91   33.26   38.52   31.48   24.37   86.77   71.33   54.99   29.48   29.     29.     13.01    8.77    4.3    20.4    12.38     .      3.22   -1.34   -5.10]
 [80.47 72.83   65.18   69.9    64.91   57.39   94.26   79.23   58.45   29.5    29.26   29.04   11.94    7.02    1.83   21.01    9.27    1.17    3.55   -4.24   -1.41]
 [37.19 34.07   30.8    34.59   31.17   26.98   96.93   88.4    78.     29.6    29.24   29.      9.09    4.43    1.08   16.23    9.61     .      4.37     .88     .28]
 [76.9  67.73   58.53   58.88   53.78   48.24   82.99   63.02   43.99   30.     30.     29.66   13.36    9.69    5.75   14.34    7.65     .      2.16   -0.56     .63]
 [59.54 52.2    42.84   44.22   38.66   31.88   80.48   63.58   46.86   29.92   29.66   29.39   13.57   10.04    5.94   31.03    9.33   21.93    3.85   -0.67     .08]
 [49.07 41.69   34.21   35.52   30.19   24.92   83.65   66.22   49.02   30.     30.     29.67   13.11    9.53    5.62   16.21    9.58     .      2.56     .62   -0.81]
 [56.07 49.36   42.29   51.59   44.13   35.7    95.53   84.25   67.36   29.48   29.18   28.98   11.33    5.91    1.61   22.     12.5     1.05    4.74   -0.21    1.99]]
  MaxT  MeanT   MinT    MaxD    MeanD   MinD    MaxH    MeanH   MinH    MaxP    MeanP   MinP    MaxV    MeanV   MinV    MaxW    MeanW   Rain    Cloud   WindDir WindDir
HMM,    c=10.0: 4.244
 [09.24  8.23    7.97    7.84    7.9     8.31    8.85   10.59   13.03     .34     .4      .4     3.15    1.29    3.67    4.42    2.8      .1     2.89    5.6     5.08]


#####       ORD     #####
(24392, 21)

fitting to  HMM,    c=2
[[  .95   .05]
 [  .1    .90]]
  MaxT  MeanT   MinT    MaxD    MeanD   MinD    MaxH    MeanH   MinH    MaxP    MeanP   MinP    MaxV    MeanV   MinV    MaxW    MeanW   Rain    Cloud   WindDir WindDir
[[46.62 38.71   30.19   35.5    29.25   22.72   87.02   70.68   53.34   29.8    29.63   29.42   12.88    9.88    5.89   17.94   10.62     .      3.62     .05   -3.02]
 [80.2  70.68   60.94   64.81   59.96   54.5    89.94   70.93   50.74   29.66   29.46   29.28   12.66    9.5     5.4    15.84    8.2      .05    3.23   -1.88   -1.35]]
  MaxT  MeanT   MinT    MaxD    MeanD   MinD    MaxH    MeanH   MinH    MaxP    MeanP   MinP    MaxV    MeanV   MinV    MaxW    MeanW   Rain    Cloud   WindDir WindDir
HMM,    c=2.0:  4.707
 [12.48 11.05   10.29   10.13   10.12   10.55    8.17    9.72   12.84     .38     .49     .45    2.88    1.22    3.55    4.8     2.87     .04    2.43    5.6     5.35]

fitting to  HMM,    c=4
[[  .06   .31     .36     .27]
 [  .02   .78     .17     .03]
 [  .02   .2      .55     .23]
 [  .01   .04     .12     .83]]
  MaxT  MeanT   MinT    MaxD    MeanD   MinD    MaxH    MeanH   MinH    MaxP    MeanP   MinP    MaxV    MeanV   MinV    MaxW    MeanW   Rain    Cloud   WindDir WindDir
[[62.82 58.58   50.94   58.59   52.63   45.59   94.99   82.91   65.81   29.54   29.23   29.06   11.92    7.18    2.1    21.66   11.44    1.2     6.22   -1.82     .57]
 [76.37 66.17   55.76   59.87   54.61   48.93   88.84   68.37   47.59   30.     29.73   29.45   12.87   10.03    6.2    15.23    7.92     .      2.91   -0.67   -0.44]
 [64.56 56.87   48.42   53.19   47.69   41.56   89.92   73.98   56.06   29.     29.     29.     12.66    9.14    4.77   19.01   10.87     .      4.01   -2.51   -4.04]
 [39.6  31.92   23.8    29.12   22.79   16.24   86.01   70.35   53.72   30.     29.79   29.53   12.88    9.99    6.02   17.63   10.6      .      3.54     .59   -3.23]]
  MaxT  MeanT   MinT    MaxD    MeanD   MinD    MaxH    MeanH   MinH    MaxP    MeanP   MinP    MaxV    MeanV   MinV    MaxW    MeanW   Rain    Cloud   WindDir WindDir
HMM,    c=4.0:  4.413
 [12.89 11.53   10.87   10.57   10.66   11.15    8.16    9.65   12.73     .32     .43     .42    2.88    1.21    3.52    4.75    2.88     .04    2.41    5.65    5.27]

fitting to  HMM,    c=6
[[  .61   .06     .04     .01     .02     .26]
 [  .02   .69     .       .02     .25     .01]
 [  .15   .       .68     .       .       .16]
 [  .09   .2      .07     .06     .32     .27]
 [  .02   .25     .       .02     .65     .05]
 [  .25   .01     .14     .01     .03     .56]]
  MaxT  MeanT   MinT    MaxD    MeanD   MinD    MaxH    MeanH   MinH    MaxP    MeanP   MinP    MaxV    MeanV   MinV    MaxW    MeanW   Rain    Cloud   WindDir WindDir
[[47.69 39.75   31.49   35.08   29.82   24.45   87.49   69.85   51.56   30.     30.     29.64   12.56    9.89    6.27   16.34    9.48     .      3.5      .77   -0.95]
 [76.63 66.37   55.88   59.55   54.57   49.21   88.64   67.65   46.73   30.     30.     29.62   12.84   10.14    6.47   14.52    7.48     .      2.72   -0.35     .16]
 [24.96 17.13    9.02   15.82    8.23     .44   81.61   67.93   53.23   30.     30.     29.74   13.62   10.93    6.7    17.45   10.98     .      2.92    1.3    -5.63]
 [62.05 58.7    51.06   58.57   52.6    45.59   94.75   82.51   65.28   29.51   29.23   29.06   11.97    7.27    2.15   21.31   11.39    1.24    6.15   -1.71     .35]
 [79.3  70.03   60.4    64.66   59.44   53.46   89.68   71.54   51.61   29.38   29.     29.     12.89    9.59    5.24   17.41    9.27     .      3.49   -2.88   -2.84]
 [47.08 40.08   32.2    38.69   32.1    25.08   89.53   75.07   58.91   29.48   29.     29.     12.52    8.86    4.51   20.43   12.29     .      4.44   -1.1    -4.71]]
  MaxT  MeanT   MinT    MaxD    MeanD   MinD    MaxH    MeanH   MinH    MaxP    MeanP   MinP    MaxV    MeanV   MinV    MaxW    MeanW   Rain    Cloud   WindDir WindDir
HMM,    c=6.0:  4.248
 [09.95  8.72    8.33    8.32    8.32    8.71    8.06    9.62   12.61     .34     .4      .4     2.87    1.26    3.52    4.71    2.81     .04    2.38    5.68    5.15]

fitting to  HMM,    c=8
[[  .6    .       .02     .       .02     .02     .24     .10]
 [  .     .53     .04     .39     .01     .       .       .03]
 [  .01   .02     .6      .08     .01     .       .1      .18]
 [  .     .19     .03     .72     .01     .       .01     .04]
 [  .24   .18     .06     .12     .07     .02     .17     .15]
 [  .3    .       .       .       .03     .46     .21     .  ]
 [  .19   .       .03     .01     .02     .02     .68     .06]
 [  .07   .1      .21     .05     .02     .       .09     .46]]
  MaxT  MeanT   MinT    MaxD    MeanD   MinD    MaxH    MeanH   MinH    MaxP    MeanP   MinP    MaxV    MeanV   MinV    MaxW    MeanW   Rain    Cloud   WindDir WindDir
[[81.95 72.9    63.54   67.36   62.5    56.89   90.04   72.23   52.47   29.36   29.     29.     12.79    9.43    5.01   16.89    8.88     .      3.48   -3.01   -2.83]
 [40.55 34.39   27.39   34.     27.71   20.78   90.34   77.39   62.62   29.49   29.     29.     12.23    8.35    3.93   20.33   12.45     .      4.62   -0.36   -5.21]
 [60.2  49.69   38.85   41.72   35.82   29.98   83.75   61.51   40.09   30.     29.89   29.58   15.     12.75    8.93   16.92    9.54     .      2.38    1.4    -1.51]
 [34.62 27.41   19.82   25.13   18.9    12.48   85.61   70.99   55.22   30.     30.     29.68   12.45    9.68    5.83   16.74   10.18     .      3.5      .74   -3.03]
 [60.36 59.03   51.37   58.84   52.88   45.87   94.77   82.39   65.03   29.5    29.23   29.06   11.99    7.3     2.21   21.15   11.31    1.21    6.17   -1.78     .34]
 [91.72 82.43   73.1    75.31   71.92   67.98   90.73   73.01   52.81   29.6    29.33   29.     11.99    8.6     4.78   17.      8.94     .      3.05   -5.48   -4.05]
 [77.62 67.41   57.08   60.84   55.99   50.71   89.32   68.65   47.83   30.     30.     29.64   12.45    9.68    6.04   14.23    7.25     .      2.83   -0.48     .31]
 [67.02 57.62   47.68   53.94   47.15   39.9    89.05   71.05   51.51   29.37   29.     29.     12.99    9.69    5.4    19.76   11.1      .      3.96   -2.75   -2.96]]
  MaxT  MeanT   MinT    MaxD    MeanD   MinD    MaxH    MeanH   MinH    MaxP    MeanP   MinP    MaxV    MeanV   MinV    MaxW    MeanW   Rain    Cloud   WindDir WindDir
HMM,    c=8.0:  4.254
 [10.13  8.97    8.67    8.36    8.64    9.24    8.15    9.75   12.75     .34     .41     .4     2.72    1.25    3.55    4.72    2.83     .04    2.36    5.67    5.24]

fitting to  HMM,    c=10
[[  .04   .15     .06     .03     .16     .11     .06     .07     .29     .03]
 [  .01   .61     .01     .13     .11     .03     .07     .       .02     .  ]
 [  .01   .03     .62     .07     .03     .       .23     .       .       .02]
 [  .01   .28     .08     .41     .12     .       .06     .       .04     .  ]
 [  .03   .22     .04     .12     .33     .05     .03     .       .18     .  ]
 [  .01   .08     .       .       .02     .58     .       .07     .24     .  ]
 [  .     .04     .24     .01     .01     .       .68     .       .       .02]
 [  .     .       .       .       .       .23     .       .62     .14     .  ]
 [  .01   .04     .       .01     .03     .26     .       .13     .52     .  ]
 [  .02   .       .51     .06     .06     .       .31     .       .       .05]]
  MaxT  MeanT   MinT    MaxD    MeanD   MinD    MaxH    MeanH   MinH    MaxP    MeanP   MinP    MaxV    MeanV   MinV    MaxW    MeanW   Rain    Cloud   WindDir WindDir
[[44.82 49.01   41.85   50.23   43.47   35.93   94.21   82.79   66.61   29.52   29.23   29.05   11.86    7.13    2.6    22.24   12.72    1.11    6.39   -0.01    1.25]
 [60.71 50.77   40.33   44.03   38.35   32.57   86.43   65.25   44.42   30.     30.     29.65   13.21   10.82    7.33   15.98    8.89     .      2.84     .78   -0.21]
 [82.54 73.46   64.11   67.92   63.13   57.6    90.26   72.43   52.56   29.36   29.     29.     12.74    9.35    4.93   16.86    8.84     .      3.45   -3.1    -2.92]
 [70.19 59.32   47.96   51.39   44.53   37.61   82.62   60.59   39.43   29.44   29.     29.     14.17   12.04    8.24   19.94   11.27     .      2.82   -2.58   -5.04]
 [61.43 53.9    45.81   54.85   48.35   40.98   95.73   83.03   66.     29.38   29.     29.     11.55    6.99    2.37   19.28   10.86     .      5.2    -2.34   -0.43]
 [38.29 31.54   24.59   28.89   23.57   17.99   87.8    73.09   56.97   30.     30.     29.65   12.42    9.46    5.57   16.71   10.       .      3.9      .78   -1.81]
 [79.79 69.66   59.42   62.88   58.18   53.05   89.19   68.56   47.89   30.     30.     29.62   12.6     9.8     6.11   14.19    7.18     .      2.74   -0.66     .12]
 [21.11 12.92    4.43   11.74    3.54   -4.75   79.78   66.15   51.6    30.     30.     29.77   13.87   11.33    7.12   17.36   11.06     .      2.53    1.32   -6.85]
 [40.44 34.19   27.11   33.53   27.2    20.28   89.84   76.53   61.55   29.51   29.     29.     12.41    8.61    4.16   20.41   12.52     .      4.55   -0.39   -5.47]
 [81.04 72.95   64.59   70.77   65.9    59.64   95.37   81.67   62.72   29.48   29.23   29.07   12.19    7.6     1.68   19.74    9.41    1.33    5.82   -4.08   -1.16]]
  MaxT  MeanT   MinT    MaxD    MeanD   MinD    MaxH    MeanH   MinH    MaxP    MeanP   MinP    MaxV    MeanV   MinV    MaxW    MeanW   Rain    Cloud   WindDir WindDir
HMM,    c=10.0: 4.184
 [08.22  7.07    6.86    7.15    7.17    7.6     7.98    9.39   12.27     .34     .4      .4     2.87    1.32    3.47    4.71    2.82     .04    2.38    5.69    5.15]

