
#####       LGA     #####
(25103, 13)

no  time    naive:  2.406
[11.66  10.84   12.02     .13     .15     .16     .06    1.2     2.97    5.44    3.34     .22     1.99]
fitting to  HMM,    c=2
[[  .2    .80]
 [  .04   .96]]
MaxH    MeanH   MinH    MaxP    MeanP   MinP    MaxV    MeanV   MinV    MaxW    MeanW   Rain    Cloud
[[95.73 86.17   71.62   29.5    29.18   29.07   11.53    6.09    1.81   25.15   14.39     .86    5.12]
 [79.49 62.8    46.01   29.77   29.59   29.4    13.86   10.32    6.4    19.07   11.59     .      2.46]]
MaxH    MeanH   MinH    MaxP    MeanP   MinP    MaxV    MeanV   MinV    MaxW    MeanW   Rain    Cloud
HMM,    c=2.0:  4.258
[12.72  12.07   13.03     .39     .49     .47    3.78    1.1     3.54    4.96    3.41     .08     2.73]

fitting to  HMM,    c=4
[[  .36   .34     .28     .02]
 [  .12   .45     .42     .01]
 [  .17   .06     .73     .03]
 [  .35   .3      .26     .09]]
MaxH    MeanH   MinH    MaxP    MeanP   MinP    MaxV    MeanV   MinV    MaxW    MeanW   Rain    Cloud
[[92.44 76.76   57.82   29.41   29.     29.     12.      7.06    2.64   19.92   11.13     .      3.41]
 [72.65 54.2    38.42   29.44   29.     29.     15.28   12.35    8.18   21.57   13.76     .      2.18]
 [77.85 61.75   45.55   30.     30.     29.68   13.91   10.6     6.95   18.04   11.06     .      2.32]
 [94.12 82.87   66.12   29.61   29.26   29.07   12.38    6.83    2.23   25.21   14.22    1.45    4.72]]
MaxH    MeanH   MinH    MaxP    MeanP   MinP    MaxV    MeanV   MinV    MaxW    MeanW   Rain    Cloud
HMM,    c=4.0:  3.868
[12.41  11.72   12.73     .35     .41     .41    3.82    1.19    3.47    4.87    3.39     .08     2.73]

fitting to  HMM,    c=6
[[  .52   .       .02     .17     .       .28]
 [  .09   .2      .04     .43     .       .24]
 [  .09   .03     .07     .67     .01     .12]
 [  .28   .       .01     .63     .       .07]
 [  .33   .       .       .38     .19     .11]
 [  .11   .06     .04     .29     .       .50]]
MaxH    MeanH   MinH    MaxP    MeanP   MinP    MaxV    MeanV   MinV    MaxW    MeanW   Rain    Cloud
[[68.3  51.69   36.7    30.     30.     29.71   15.68   13.11    9.68   19.     12.23     .      1.75]
 [1.    91.88   78.51   30.     29.63   29.35    9.67    4.44     .69   17.91   10.14     .      4.93]
 [96.77 86.56   69.79   29.61   29.23   29.06   11.83    5.96    1.34   25.42   14.18    1.19    4.87]
 [82.21 64.98   47.57   29.41   29.     29.     13.71    9.8     5.5    20.77   12.48     .      2.75]
 [75.65 57.32   40.74   29.69   29.52   29.17   16.5    13.      8.39   26.52   14.72    3.08    3.63]
 [88.47 72.56   54.68   30.     30.     29.65   11.95    7.84    3.91   16.85    9.66     .      2.89]]
MaxH    MeanH   MinH    MaxP    MeanP   MinP    MaxV    MeanV   MinV    MaxW    MeanW   Rain    Cloud
HMM,    c=6.0:  3.816
[11.9   11.18   12.21     .34     .4      .41    3.87    1.45    3.33    4.87    3.4      .08     2.73]

fitting to  HMM,    c=8
[[  .48   .12     .07     .       .       .24     .06     .04]
 [  .28   .51     .01     .       .       .08     .09     .02]
 [  .25   .06     .23     .       .       .36     .05     .05]
 [  .09   .28     .01     .18     .1      .21     .13     .  ]
 [  .     .47     .       .01     .31     .02     .18     .01]
 [  .1    .15     .01     .       .04     .33     .35     .02]
 [  .05   .33     .       .       .06     .12     .43     .01]
 [  .1    .08     .04     .01     .05     .34     .31     .07]]
MaxH    MeanH   MinH    MaxP    MeanP   MinP    MaxV    MeanV   MinV    MaxW    MeanW   Rain    Cloud
[[88.06 71.72   53.42   30.     30.     29.65   12.07    8.      4.07   16.75    9.55     .      2.83]
 [68.57 51.84   36.74   30.     30.     29.73   15.53   12.92    9.45   18.85   12.09     .      1.73]
 [98.02 90.83   79.67   30.     30.     29.6     9.75    4.73    1.04   17.95   10.78     .      4.47]
 [75.71 57.51   40.78   29.67   29.51   29.17   16.4    12.85    8.44   26.2    14.58    3.15    3.68]
 [62.43 47.45   34.61   29.62   29.29   29.     20.     18.15   14.85   23.34   16.19     .      2.85]
 [93.25 78.37   59.67   29.41   29.     29.     11.79    6.8     2.44   19.91   11.11     .      3.53]
 [75.43 56.23   39.55   29.43   29.     29.     14.53   11.3     6.99   21.19   13.2      .      2.13]
 [96.78 86.53   69.73   29.61   29.23   29.06   11.83    5.97    1.35   25.46   14.15    1.19    4.87]]
MaxH    MeanH   MinH    MaxP    MeanP   MinP    MaxV    MeanV   MinV    MaxW    MeanW   Rain    Cloud
HMM,    c=8.0:  3.791
[11.43  10.69   11.82     .34     .4      .4     3.86    1.61    3.23    4.86    3.4      .08     2.74]

fitting to  HMM,    c=10
[[  .24   .31     .       .13     .02     .       .14     .14     .02     .  ]
 [  .     .63     .01     .03     .01     .02     .04     .11     .14     .  ]
 [  .02   .25     .1      .19     .04     .06     .03     .23     .08     .  ]
 [  .     .23     .       .44     .       .01     .17     .12     .02     .  ]
 [  .     .03     .       .19     .09     .05     .06     .52     .05     .  ]
 [  .     .06     .01     .36     .05     .03     .08     .36     .04     .  ]
 [  .     .54     .01     .15     .       .01     .11     .14     .05     .  ]
 [  .     .11     .       .32     .01     .02     .12     .36     .06     .  ]
 [  .     .23     .01     .09     .03     .04     .06     .42     .12     .  ]
 [  .5    .5      .       .       .       .       .       .       .       .  ]]
MaxH    MeanH   MinH    MaxP    MeanP   MinP    MaxV    MeanV   MinV    MaxW    MeanW   Rain    Cloud
[[68.7  53.66   39.94   29.66   29.56   29.34   16.56   14.23   10.9    20.52   13.84    4.39    3.34]
 [76.85 61.1    45.06   30.     30.     30.     13.98   10.75    7.21   17.35   10.65     .      2.20]
 [96.16 85.03   68.16   29.83   29.76   29.15   11.96    6.06    1.39   24.12   13.65    1.06    5.06]
 [71.85 53.54   38.01   29.44   29.     29.     15.4    12.57    8.43   21.73   13.95     .      2.17]
 [99.37 93.06   82.92   29.45   29.     29.      9.52    4.29     .79   20.64   12.32     .      4.93]
 [96.8  86.05   68.9    29.5    29.     29.     12.03    6.1     1.35   27.04   15.16    1.16    4.69]
 [69.9  52.11   36.99   30.     30.     29.     15.61   13.13    9.47   20.93   13.58     .      1.93]
 [91.42 74.8    55.27   29.41   29.     29.     12.26    7.39    2.9    19.72   10.97     .      3.24]
 [90.58 74.76   56.74   30.     30.     29.     11.8     7.32    3.13   18.02   10.16     .      3.26]
 [80.5  50.5    36.5    30.5    29.5    29.     20.     19.     11.     50.5    18.5      .      2.  ]]
MaxH    MeanH   MinH    MaxP    MeanP   MinP    MaxV    MeanV   MinV    MaxW    MeanW   Rain    Cloud
HMM,    c=10.0: 3.701
[11.99  11.29   12.39     .34     .39     .37    3.86    1.36    3.35    4.81    3.38     .08     2.74]


#####       SFO     #####
(25295, 13)

no  time    naive:  1.947
[05.12   6.35    9.68     .07     .07     .07     .04     .56    1.99    5.      2.98     .07     1.60]
fitting to  HMM,    c=2
[[  .99   .01]
 [  .83   .17]]
MaxH    MeanH   MinH    MaxP    MeanP   MinP    MaxV    MeanV   MinV    MaxW    MeanW   Rain    Cloud
[[90.15 74.89   54.9    29.75   29.6    29.43   15.2    11.      7.2    19.89    9.86     .      2.06]
 [93.52 82.74   68.49   29.48   29.19   29.1    14.87    8.81    3.17   29.16   14.44    2.61    4.21]]
MaxH    MeanH   MinH    MaxP    MeanP   MinP    MaxV    MeanV   MinV    MaxW    MeanW   Rain    Cloud
HMM,    c=2.0:  6.226
[06.25   8.01   10.61     .39     .49     .49    5.22    1.46    2.61    5.91    3.67     .05     2.27]

fitting to  HMM,    c=4
[[  .13   .01     .49     .37]
 [  .     .27     .15     .57]
 [  .01   .01     .72     .26]
 [  .01   .01     .18     .80]]
MaxH    MeanH   MinH    MaxP    MeanP   MinP    MaxV    MeanV   MinV    MaxW    MeanW   Rain    Cloud
[[93.5  82.69   68.15   29.48   29.2    29.1    14.98    8.86    3.23   27.87   13.89    2.81    4.07]
 [63.71 40.36   23.11   29.92   29.76   29.59   17.27   14.95   13.     20.49   11.45     .       .  ]
 [90.1  74.92   54.7    29.39   29.     29.     15.36   11.14    7.28   21.79   10.95     .      2.04]
 [90.82 75.71   55.82   30.     30.     29.72   15.04   10.8     7.     18.61    9.09     .      2.12]]
MaxH    MeanH   MinH    MaxP    MeanP   MinP    MaxV    MeanV   MinV    MaxW    MeanW   Rain    Cloud
HMM,    c=4.0:  4.945
[06.24   8.02   10.59     .31     .34     .38    5.22    1.45    2.61    5.76    3.6      .05     2.27]

fitting to  HMM,    c=6
[[  .78   .06     .01     .06     .03     .06]
 [  .39   .2      .01     .02     .03     .36]
 [  .37   .08     .13     .15     .01     .26]
 [  .44   .02     .02     .19     .01     .32]
 [  .47   .06     .01     .01     .42     .02]
 [  .14   .11     .01     .1      .01     .63]]
MaxH    MeanH   MinH    MaxP    MeanP   MinP    MaxV    MeanV   MinV    MaxW    MeanW   Rain    Cloud
[[91.48 76.8    57.03   30.     30.     29.71   14.94   10.63    6.76   18.54    9.02     .      2.21]
 [89.81 73.87   53.4    30.     29.     29.     16.01   11.56    7.56   21.81   10.98     .       .  ]
 [93.46 82.6    67.99   29.48   29.2    29.1    15.02    8.91    3.31   27.66   13.91    2.81    4.04]
 [90.63 76.4    57.43   30.     29.     29.     15.19   10.97    7.02   21.51   10.85     .      4.64]
 [73.89 50.58   29.77   30.     30.     29.79   17.03   14.36   12.11   20.12   10.67     .       .17]
 [89.7  74.34   53.84   29.     29.     29.     15.23   11.1     7.34   21.87   10.98     .      1.90]]
MaxH    MeanH   MinH    MaxP    MeanP   MinP    MaxV    MeanV   MinV    MaxW    MeanW   Rain    Cloud
HMM,    c=6.0:  4.659
[06.14   7.89   10.41     .26     .31     .36    5.2     1.43    2.59    5.77    3.61     .05     2.22]

fitting to  HMM,    c=8
[[  .5    .11     .15     .       .01     .17     .       .05]
 [  .03   .74     .01     .       .       .15     .01     .04]
 [  .21   .1      .44     .       .02     .17     .       .06]
 [  .04   .42     .07     .16     .03     .12     .03     .13]
 [  .2    .12     .13     .01     .12     .19     .       .22]
 [  .12   .36     .08     .       .01     .21     .01     .21]
 [  .     .61     .01     .01     .       .06     .25     .08]
 [  .04   .09     .02     .       .01     .15     .01     .68]]
MaxH    MeanH   MinH    MaxP    MeanP   MinP    MaxV    MeanV   MinV    MaxW    MeanW   Rain    Cloud
[[90.8  77.05   58.28   29.41   29.     29.     12.35    9.9     6.68   21.49   10.71     .      4.40]
 [91.05 75.83   55.87   30.     30.     30.     14.79   10.6     6.85   17.56    8.43     .      2.08]
 [89.31 74.16   54.19   29.4    29.     29.     20.     13.12    8.41   21.8    11.28     .      4.15]
 [89.46 75.11   58.91   29.81   29.72   29.36   15.47   10.58    6.15   23.12   11.2     7.38    3.15]
 [94.7  85.14   71.35   29.36   29.     29.     14.76    8.28    2.29   30.12   15.39    1.03    4.47]
 [90.26 75.31   55.57   30.     30.     29.     15.7    11.3     7.39   21.24   10.73     .      2.19]
 [61.1  39.8    23.92   30.     30.     29.74   17.08   15.1    13.6    21.01   12.09     .       .19]
 [89.61 73.46   52.37   29.38   29.     29.     15.45   11.2     7.31   21.9    10.94     .       .  ]]
MaxH    MeanH   MinH    MaxP    MeanP   MinP    MaxV    MeanV   MinV    MaxW    MeanW   Rain    Cloud
HMM,    c=8.0:  4.539
[06.28   8.16   10.56     .3      .31     .31    4.88    1.31    2.64    5.68    3.53     .05     2.09]

fitting to  HMM,    c=10
[[  .16   .       .       .21     .43     .16     .       .01     .03     .  ]
 [  .     .2      .       .       .17     .42     .       .       .       .20]
 [  .     .       .       .       .       .       .       .       .      1.  ]
 [  .08   .       .       .44     .23     .05     .       .02     .17     .01]
 [  .03   .       .       .04     .78     .08     .       .01     .03     .03]
 [  .02   .       .       .04     .22     .67     .       .01     .02     .02]
 [  .02   .       .       .02     .46     .13     .19     .02     .1      .06]
 [  .06   .       .       .14     .35     .21     .01     .11     .12     .  ]
 [  .01   .       .       .21     .26     .06     .       .02     .44     .01]
 [  .     .01     .       .01     .47     .06     .01     .       .01     .42]]
MaxH    MeanH   MinH    MaxP    MeanP   MinP    MaxV    MeanV   MinV    MaxW    MeanW   Rain    Cloud
[[93.17 79.53   60.38   30.     29.     29.     10.      8.76    6.04   21.1    10.14     .      3.16]
 [52.02 32.15   19.18   30.     29.26   29.     17.75   15.28   12.86   24.7    15.02     .       .04]
 [77.   62.     47.     30.     30.     29.     15.     12.     10.     41.     34.       .      3.  ]
 [90.27 76.46   57.68   29.26   29.     29.     12.96   10.14    6.77   21.71   10.93     .      4.35]
 [91.49 76.81   57.05   30.     30.     29.71   14.94   10.62    6.76   18.54    9.02     .      2.22]
 [89.52 73.28   52.11   29.34   29.     29.     15.74   11.33    7.38   21.92   10.96     .       .  ]
 [88.17 71.46   52.81   29.75   29.63   29.52   15.87   11.48    7.34   19.86   10.01   10.1     3.19]
 [94.72 85.27   71.65   29.42   29.09   29.     14.82    8.29    2.33   29.72   14.94    1.05    4.26]
 [89.31 74.16   54.2    29.4    29.     29.     20.     13.13    8.42   21.8    11.29     .      4.14]
 [74.27 50.92   29.98   30.     30.     29.8    17.03   14.35   12.09   20.05   10.61     .       .17]]
MaxH    MeanH   MinH    MaxP    MeanP   MinP    MaxV    MeanV   MinV    MaxW    MeanW   Rain    Cloud
HMM,    c=10.0: 4.857
[06.22   8.06   10.37     .3      .33     .38    4.83    1.26    2.65    5.81    3.61     .04     2.12]


#####       MDW     #####
(25250, 13)

no  time    naive:  2.413
[08.68   9.32   11.25     .12     .14     .15     .14    1.24    2.98    5.16    3.25     .15     1.94]
fitting to  HMM,    c=2
[[  .03   .97]
 [  .02   .98]]
MaxH    MeanH   MinH    MaxP    MeanP   MinP    MaxV    MeanV   MinV    MaxW    MeanW   Rain    Cloud
[[93.24 79.65   61.31   29.52   29.27   29.11   11.88    6.91    2.14   25.51   10.96    3.71    4.10]
 [84.51 67.3    49.88   29.76   29.58   29.39   13.1     9.25    5.06   16.89    9.83     .      2.60]]
MaxH    MeanH   MinH    MaxP    MeanP   MinP    MaxV    MeanV   MinV    MaxW    MeanW   Rain    Cloud
HMM,    c=2.0:  4.472
[09.02  10.81   13.51     .39     .5      .46    3.15    1.31    3.69    4.51    2.96     .1      2.92]

fitting to  HMM,    c=4
[[  .53   .35     .1      .02]
 [  .14   .74     .1      .02]
 [  .27   .32     .39     .03]
 [  .29   .41     .27     .04]]
MaxH    MeanH   MinH    MaxP    MeanP   MinP    MaxV    MeanV   MinV    MaxW    MeanW   Rain    Cloud
[[82.91 63.64   44.6    29.44   29.     29.     14.12   10.29    5.76   19.15   11.06     .      2.47]
 [82.66 65.14   48.02   30.     30.     29.67   13.32    9.63    5.54   15.74    9.18     .      2.34]
 [94.71 82.58   66.96   29.41   29.     29.     10.39    5.86    1.85   17.65   10.15     .      3.88]
 [93.31 79.52   60.85   29.55   29.28   29.06   11.89    6.97    2.27   22.96   10.63    3.76    4.06]]
MaxH    MeanH   MinH    MaxP    MeanP   MinP    MaxV    MeanV   MinV    MaxW    MeanW   Rain    Cloud
HMM,    c=4.0:  4.03
[08.76  10.44   13.1      .35     .41     .4     3.16    1.26    3.63    4.46    2.95     .1      2.91]

fitting to  HMM,    c=6
[[  .64   .       .02     .34     .       .  ]
 [  .24   .02     .02     .72     .       .  ]
 [  .64   .       .02     .33     .       .01]
 [  .24   .       .01     .74     .       .  ]
 [  .     .       .      1.       .       .  ]
 [  .44   .       .01     .49     .       .06]]
MaxH    MeanH   MinH    MaxP    MeanP   MinP    MaxV    MeanV   MinV    MaxW    MeanW   Rain    Cloud
[[87.07 70.3    52.47   29.43   29.     29.     12.8     8.73    4.38   18.53   10.74     .      2.96]
 [86.25 73.09   57.94   29.86   29.82   29.7    12.48    7.94    3.92   18.5     9.81   11.36    4.26]
 [95.13 81.99   63.27   29.45   29.16   29.     11.65    6.46    1.59   20.33   10.89    1.2     3.92]
 [82.66 65.15   48.02   30.     30.     29.67   13.32    9.63    5.54   15.72    9.18     .      2.34]
 [77.   58.     43.     30.     30.     30.     15.     13.     10.      9.      3.     711.     3.  ]
 [87.68 70.52   50.32   29.73   29.43   28.94   12.94    9.04    4.36   45.73   10.42     .      4.76]]
MaxH    MeanH   MinH    MaxP    MeanP   MinP    MaxV    MeanV   MinV    MaxW    MeanW   Rain    Cloud
HMM,    c=6.0:  4.039
[08.92  10.75   13.49     .34     .41     .4     3.14    1.3     3.69    4.46    2.94     .1      2.91]

fitting to  HMM,    c=8
[[  .03   .02     .       .03     .64     .17     .11     .  ]
 [  .     .2      .01     .04     .46     .02     .27     .  ]
 [  .01   .       .34     .01     .41     .16     .06     .  ]
 [  .01   .03     .07     .03     .33     .24     .3      .  ]
 [  .     .02     .02     .01     .72     .13     .09     .  ]
 [  .     .       .03     .02     .33     .49     .12     .  ]
 [  .     .02     .05     .03     .3      .21     .39     .  ]
 [  .     .       .       .      1.       .       .       .  ]]
MaxH    MeanH   MinH    MaxP    MeanP   MinP    MaxV    MeanV   MinV    MaxW    MeanW   Rain    Cloud
[[82.84 64.33   45.93   29.91   29.68   29.28   14.17   10.6     5.9    35.55    9.84    7.      3.86]
 [1.    86.53   69.46   30.     30.     29.53    9.87    5.3     1.34   14.95    8.19     .     4.67]
 [84.41 64.35   44.53   29.52   29.     29.     20.     13.31    7.01   19.95   11.59     .      4.28]
 [95.19 82.29   63.59   29.47   29.2    29.02   11.5     6.31    1.54   20.04   10.82    1.18    4.04]
 [82.02 64.35   47.23   30.     30.     29.68   13.45    9.79    5.69   15.77    9.22     .      2.26]
 [82.48 63.3    44.42   29.43   29.     29.     13.15    9.82    5.6    18.95   10.97     .      2.11]
 [94.56 82.26   66.49   29.41   29.     29.     10.4     5.9     1.88   17.83   10.19     .      3.88]
 [77.   58.     43.     30.     30.     30.     15.     13.     10.      9.      3.     711.     3.  ]]
MaxH    MeanH   MinH    MaxP    MeanP   MinP    MaxV    MeanV   MinV    MaxW    MeanW   Rain    Cloud
HMM,    c=8.0:  4.01
[08.7   10.37   13.06     .35     .41     .4     3.06    1.27    3.62    4.46    2.95     .1      2.92]

fitting to  HMM,    c=10
[[  .02   .06     .27     .01     .       .       .16     .       .3      .18]
 [  .01   .49     .32     .       .       .       .03     .       .       .14]
 [  .01   .03     .7      .       .       .       .05     .       .13     .07]
 [  .07   .29     .29     .       .       .       .12     .       .       .24]
 [  .     .13     .37     .       .07     .       .13     .       .01     .29]
 [  .02   .09     .63     .       .       .02     .08     .       .02     .14]
 [  .03   .06     .27     .       .01     .       .36     .       .       .27]
 [  .     .      1.       .       .       .       .       .       .       .  ]
 [  .02   .       .33     .       .       .       .       .       .64     .01]
 [  .02   .13     .21     .       .01     .       .11     .       .01     .51]]
MaxH    MeanH   MinH    MaxP    MeanP   MinP    MaxV    MeanV   MinV    MaxW    MeanW   Rain    Cloud
[[95.15 82.03   63.35   29.45   29.16   29.     11.64    6.45    1.58   20.37   10.92    1.2     3.91]
 [79.98 60.35   42.61   30.     30.     29.7    20.     14.85    9.07   16.54    9.84     .      3.13]
 [83.08 65.9    48.88   30.     30.     29.67   12.27    8.81    4.98   15.6     9.08     .      2.22]
 [90.14 68.     39.93   30.     29.     28.     13.79    9.      4.57   15.5     8.57     .      5.29]
 [87.14 71.28   52.61   29.67   29.51   29.11   12.67    9.      4.31   51.57   10.61     .      4.76]
 [86.25 73.07   57.9    29.86   29.82   29.7    12.48    7.94    3.93   18.52    9.81   11.33    4.27]
 [95.15 83.66   68.03   29.44   29.     29.     10.37    6.04    1.92   17.87   10.31     .      7.30]
 [77.   58.     43.     30.     30.     30.     15.     13.     10.      9.      3.     711.     3.  ]
 [86.56 69.45   51.55   29.4    29.     29.     12.63    8.48    4.01   18.63   10.93     .       .  ]
 [83.6  64.59   45.71   29.47   29.     29.     14.29   10.46    6.17   18.74   10.71     .      4.75]]
MaxH    MeanH   MinH    MaxP    MeanP   MinP    MaxV    MeanV   MinV    MaxW    MeanW   Rain    Cloud
HMM,    c=10.0: 4.012
[08.8   10.5    13.19     .35     .41     .4     3.12    1.31    3.64    4.46    2.94     .07     2.52]


#####       ORD     #####
(24392, 13)

no  time    naive:  2.458
[07.92   8.37   11.25     .12     .14     .15     .12    1.26    3.07    5.51    3.24     .15     1.94]
fitting to  HMM,    c=2
[[  .93   .07]
 [  .63   .37]]
MaxH    MeanH   MinH    MaxP    MeanP   MinP    MaxV    MeanV   MinV    MaxW    MeanW   Rain    Cloud
[[86.97 68.87   50.06   29.79   29.62   29.41   13.08   10.23    6.2    17.02    9.71     .      3.18]
 [97.36 88.08   74.56   29.4    29.11   29.01   10.3     5.43    1.32   19.3    10.7      .18    6.30]]
MaxH    MeanH   MinH    MaxP    MeanP   MinP    MaxV    MeanV   MinV    MaxW    MeanW   Rain    Cloud
HMM,    c=2.0:  4.376
[08.13   9.41   12.54     .38     .49     .45    2.87    1.16    3.47    4.81    2.96     .04     2.40]

fitting to  HMM,    c=4
[[  .74   .01     .13     .12]
 [  .35   .05     .25     .35]
 [  .29   .02     .44     .25]
 [  .37   .01     .1      .51]]
MaxH    MeanH   MinH    MaxP    MeanP   MinP    MaxV    MeanV   MinV    MaxW    MeanW   Rain    Cloud
[[86.64 68.55   50.01   30.     30.     29.66   12.91   10.22    6.45   15.86    9.02     .      3.06]
 [94.77 82.51   65.16   29.5    29.22   29.05   12.04    7.3     2.09   21.62   11.59    1.3     6.11]
 [92.04 77.68   60.9    29.42   29.     29.      9.59    6.75    3.44   17.78    9.92     .      4.59]
 [87.8  70.18   51.31   29.43   29.     29.     15.     11.04    5.91   19.85   11.5      .      3.54]]
MaxH    MeanH   MinH    MaxP    MeanP   MinP    MaxV    MeanV   MinV    MaxW    MeanW   Rain    Cloud
HMM,    c=4.0:  3.948
[08.23   9.82   13.08     .34     .4      .39    2.45    1.29    3.56    4.77    2.93     .04     2.36]

fitting to  HMM,    c=6
[[  .38   .16     .01     .18     .26     .01]
 [  .06   .33     .06     .28     .24     .03]
 [  .     .23     .4      .08     .26     .03]
 [  .03   .07     .01     .51     .37     .01]
 [  .05   .07     .05     .13     .71     .01]
 [  .06   .19     .05     .35     .3      .05]]
MaxH    MeanH   MinH    MaxP    MeanP   MinP    MaxV    MeanV   MinV    MaxW    MeanW   Rain    Cloud
[[85.45 65.47   45.89   29.46   29.     29.     10.12    8.78    6.37   17.48    9.72     .      3.35]
 [95.62 84.3    69.04   29.41   29.     29.      9.31    5.64    1.84   17.94   10.02     .      5.26]
 [95.98 85.56   71.71   30.     30.     29.56    9.81    5.53    1.76   15.56    8.78     .      7.12]
 [87.8  70.18   51.31   29.43   29.     29.     15.     11.04    5.91   19.85   11.5      .      3.54]
 [85.62 66.69   47.64   30.     30.     29.67   13.24   10.73    6.96   15.89    9.04     .      2.62]
 [94.74 82.5    65.18   29.5    29.22   29.05   12.03    7.3     2.1    21.76   11.68    1.3     6.11]]
MaxH    MeanH   MinH    MaxP    MeanP   MinP    MaxV    MeanV   MinV    MaxW    MeanW   Rain    Cloud
HMM,    c=6.0:  3.892
[07.95   9.15   12.26     .34     .4      .39    2.37    1.22    3.41    4.78    2.93     .04     2.33]

fitting to  HMM,    c=8
[[  .08   .28     .       .04     .18     .04     .05     .33]
 [  .01   .64     .       .03     .08     .09     .01     .13]
 [  .5    .       .       .       .       .       .       .50]
 [  .02   .24     .       .29     .16     .16     .04     .09]
 [  .02   .21     .       .03     .39     .06     .05     .24]
 [  .01   .2      .       .1      .15     .37     .08     .08]
 [  .03   .1      .       .03     .31     .1      .15     .29]
 [  .02   .35     .       .01     .08     .02     .02     .51]]
MaxH    MeanH   MinH    MaxP    MeanP   MinP    MaxV    MeanV   MinV    MaxW    MeanW   Rain    Cloud
[[93.51 80.53   62.91   29.51   29.2    29.05   12.92    7.99    2.77   21.02   11.41    1.07    5.50]
 [84.   64.4    45.18   30.     30.     29.68   13.77   11.51    7.81   16.12    9.23     .      2.56]
 [84.5  63.5    44.     29.5    29.5    29.     15.     14.5     8.5    17.5     9.5    14.      5.  ]
 [1.    83.1    62.81   30.     30.     29.57   10.66    6.51    2.07   14.95    7.75     .      4.68]
 [91.83 76.67   59.11   29.43   29.     29.     10.      7.2     3.76   18.2    10.09     .      4.66]
 [91.98 79.97   65.23   30.     30.     29.62   10.15    6.29    2.5    15.15    8.66     .      4.50]
 [93.53 83.02   69.88   29.4    29.     29.      7.19    4.33    1.72   15.98    9.15     .      4.49]
 [87.8  70.18   51.31   29.43   29.     29.     15.     11.04    5.91   19.85   11.5      .      3.54]]
MaxH    MeanH   MinH    MaxP    MeanP   MinP    MaxV    MeanV   MinV    MaxW    MeanW   Rain    Cloud
HMM,    c=8.0:  3.921
[07.98   9.42   12.6      .34     .4      .39    2.42    1.37    3.44    4.77    2.93     .04     2.31]

fitting to  HMM,    c=10
[[  .39   .02     .05     .       .01     .01     .17     .24     .       .10]
 [  .2    .07     .05     .04     .       .       .06     .38     .01     .18]
 [  .31   .03     .15     .       .03     .01     .08     .29     .       .10]
 [  .04   .06     .       .25     .       .       .02     .02     .04     .59]
 [  .15   .       .11     .       .23     .05     .24     .07     .       .13]
 [  .16   .02     .1      .       .06     .29     .16     .07     .01     .11]
 [  .18   .01     .03     .       .06     .02     .49     .07     .01     .13]
 [  .08   .01     .02     .       .       .       .03     .51     .       .34]
 [  .11   .04     .04     .01     .       .07     .2      .19     .03     .30]
 [  .05   .01     .01     .       .02     .01     .13     .16     .       .61]]
MaxH    MeanH   MinH    MaxP    MeanP   MinP    MaxV    MeanV   MinV    MaxW    MeanW   Rain    Cloud
[[91.83 76.67   59.11   29.43   29.     29.     10.      7.2     3.76   18.2    10.09     .      4.66]
 [93.62 80.37   62.64   29.4    29.     29.     12.99    8.03    2.81   20.77   11.45    1.05    5.48]
 [93.54 83.04   69.9    29.4    29.     29.      7.19    4.33    1.72   15.96    9.14     .      4.48]
 [82.37 62.56   43.5    30.     30.     29.77   20.     15.08   10.21   15.4     9.96     .      1.89]
 [90.54 76.25   59.39   30.     30.     29.67    7.4     5.06    2.59   13.56    7.33     .      2.91]
 [97.34 90.12   80.39   30.     30.     29.56    8.97    4.37    1.21   15.39    9.15     .      8.  ]
 [88.89 71.03   52.35   30.     30.     29.65   10.      7.94    5.04   15.4     8.5      .      3.59]
 [87.8  70.18   51.31   29.43   29.     29.     15.     11.04    5.91   19.85   11.5      .      3.54]
 [92.83 80.53   63.16   29.9    29.87   29.2    12.66    8.03    2.81   21.79   11.22    1.51    5.57]
 [84.7  65.66   46.64   30.     30.     29.66   15.     12.07    7.72   16.33    9.42     .      2.60]]
MaxH    MeanH   MinH    MaxP    MeanP   MinP    MaxV    MeanV   MinV    MaxW    MeanW   Rain    Cloud
HMM,    c=10.0: 3.949
[08.3   10.17   13.42     .35     .41     .4     1.22    1.63    3.72    4.79    2.89     .04     2.23]

