[ 'Temp'  'Dewpt' 'Humi'  'Press'  'Visi' 'Wind'  'Gust'  'Rain'  'Cloud'  'windDir']




LGA#######################
(10231, 10)

fitting to HMM and decoding ... classes=2
Transition matrix
[[ 0.685  0.315]
 [ 0.523  0.477]]

n=2		0.63
[ 14.891  15.414  11.454   0.169   1.758   3.589   6.75    0.295   1.879	92.435]
n=3		0.50
[ 14.899  15.92   13.683   0.183   1.911   3.609   6.921   0.322   2.105	93.194]
n=4		0.49
[ 14.899  15.873  13.773   0.185   1.923   3.623   6.974   0.321   2.101	92.415]
n=7		0.51
[ 14.891  15.748  13.738   0.182   1.903   3.626   7.      0.317   2.075	92.777]
n=14		0.27
[ 14.863  15.343  13.254   0.19    1.889   3.615   7.034   0.317   2.095	92.589]
naive:
[  4.501   6.867  10.949   0.151   1.114   3.291   6.961   0.205   1.954	92.59 ]
fitting to HMM and decoding ... classes=4
Transition matrix
[[ 0.492  0.165  0.01   0.333]
 [ 0.205  0.612  0.143  0.04 ]
 [ 0.06   0.546  0.394  0.   ]
 [ 0.273  0.155  0.002  0.57 ]]

n=2		0.56
[  9.404  10.303  11.399   0.17    1.653   3.279   6.317   0.304   1.891	91.842]
n=3		0.44
[ 10.092  11.863  13.651   0.183   1.792   3.39    6.557   0.327   2.102	94.193]
n=4		0.44
[ 10.315  12.301  13.929   0.186   1.812   3.433   6.675   0.329   2.082	92.383]
n=7		0.39
[ 10.339  12.285  13.785   0.184   1.795   3.429   6.672   0.321   2.061	91.82 ]
n=14		0.02
[ 11.096  12.864  13.414   0.182   1.453   3.      5.335   0.268   2.146	94.371]
naive:
[  4.501   6.867  10.949   0.151   1.114   3.291   6.961   0.205   1.954	92.59 ]
fitting to HMM and decoding ... classes=6
Transition matrix
[[ 0.047  0.074  0.401  0.177  0.147  0.153]
 [ 0.011  0.367  0.07   0.059  0.325  0.169]
 [ 0.035  0.035  0.475  0.39   0.054  0.011]
 [ 0.015  0.006  0.289  0.59   0.099  0.001]
 [ 0.02   0.046  0.084  0.012  0.587  0.251]
 [ 0.021  0.161  0.041  0.     0.362  0.414]]

n=2		0.47
[  8.536   9.406  11.831   0.172   1.726   3.415   6.654   0.559   1.886	93.122]
n=3		0.37
[  9.347  11.126  14.309   0.189   1.919   3.622   7.196   0.581   2.143	97.332]
n=4		0.37
[  9.676  11.497  14.585   0.191   1.939   3.681   7.264   0.576   2.129	95.312]
n=7		0.26
[  9.349  11.181  13.943   0.179   1.77    3.324   6.46    0.412   2.076	93.834]
n=14		0.01
[ 10.25   11.168  11.75    0.16    0.868   2.225   5.088   0.179   1.915	84.857]
naive:
[  4.501   6.867  10.949   0.151   1.114   3.291   6.961   0.205   1.954	92.59 ]
fitting to HMM and decoding ... classes=10
Transition matrix
[[ 0.146  0.104  0.401  0.     0.063  0.021  0.048  0.034  0.002  0.179]
 [ 0.154  0.211  0.269  0.     0.042  0.002  0.157  0.     0.     0.164]
 [ 0.075  0.06   0.647  0.071  0.044  0.039  0.006  0.051  0.002  0.005]
 [ 0.002  0.     0.33   0.384  0.003  0.203  0.013  0.061  0.004  0.   ]
 [ 0.114  0.33   0.136  0.     0.168  0.021  0.071  0.045  0.009  0.108]
 [ 0.021  0.009  0.146  0.207  0.009  0.437  0.007  0.134  0.002  0.028]
 [ 0.043  0.077  0.183  0.011  0.051  0.036  0.257  0.022  0.     0.32 ]
 [ 0.092  0.012  0.194  0.079  0.012  0.166  0.062  0.354  0.006  0.023]
 [ 0.048  0.133  0.183  0.202  0.034  0.206  0.035  0.059  0.066  0.034]
 [ 0.099  0.124  0.033  0.001  0.092  0.029  0.046  0.024  0.002  0.549]]

n=2		0.49
[ 11.992  12.615  10.92    0.185   1.475   5.304  16.441  11.321   1.817	88.304]
n=3		0.41
[ 12.362  13.419  12.613   0.201   1.613   5.557  17.212  11.395   1.987	94.02 ]
n=4		0.38
[ 12.533  13.645  12.573   0.204   1.593   5.605  17.47   11.576   1.987	93.712]
n=7		0.28
[ 11.684  12.558  12.011   0.191   1.417   5.957  19.473  13.406   1.971	90.112]
n=14		0.02
[ 12.261  11.698  10.356   0.157   1.305   7.567  26.366  18.509   1.814	84.615]
naive:
[  4.501   6.867  10.949   0.151   1.114   3.291   6.961   0.205   1.954	92.59 ]	
[ 'Temp'  'Dewpt' 'Humi'  'Press'  'Visi' 'Wind'  'Gust'  'Rain'  'Cloud'  'windDir']



SFO#######################
(9024, 10)

fitting to HMM and decoding ... classes=2
Transition matrix
[[ 0.736  0.264]
 [ 0.134  0.866]]

n=2		0.83
[  5.169   5.228   6.983   0.107   0.704   3.613   6.468   0.204   1.857	53.009]
n=3		0.77
[  5.195   5.219   7.073   0.108   0.704   3.595   6.47    0.209   1.932	54.65 ]
n=4		0.77
[  5.208   5.241   7.106   0.108   0.705   3.581   6.467   0.212   1.955	55.636]
n=7		0.76
[  5.28    5.266   6.968   0.108   0.705   3.601   6.477   0.214   1.948	56.208]
n=14		0.65
[  5.29    5.425   6.923   0.111   0.734   3.682   6.644   0.218   1.885	58.264]
naive:
[  2.326   2.37    6.3     0.07    0.457   2.944   6.507   0.089   1.602	41.389]
fitting to HMM and decoding ... classes=4
Transition matrix
[[ 0.908  0.003  0.072  0.017]
 [ 0.04   0.369  0.5    0.09 ]
 [ 0.156  0.083  0.592  0.168]
 [ 0.058  0.045  0.203  0.694]]

n=2		0.65
[  4.818   5.035   7.196   0.097   0.896   3.435   6.09    0.168   1.758	50.86 ]
n=3		0.57
[  4.853   5.338   7.684   0.109   0.927   3.633   6.679   0.182   1.935	51.804]
n=4		0.53
[  4.867   5.413   7.837   0.114   0.933   3.741   6.847   0.188   2.022	52.598]
n=7		0.46
[  4.89    5.323   7.561   0.105   0.891   3.641   6.497   0.154   2.005	49.915]
n=14		0.24
[  4.806   4.501   5.858   0.076   0.731   2.996   4.679   0.029   1.63		34.891]
naive:
[  2.326   2.37    6.3     0.07    0.457   2.944   6.507   0.089   1.602	41.389]
fitting to HMM and decoding ... classes=6
Transition matrix
[[ 0.204  0.068  0.031  0.532  0.037  0.128]
 [ 0.005  0.644  0.01   0.024  0.241  0.076]
 [ 0.014  0.018  0.619  0.21   0.107  0.031]
 [ 0.062  0.031  0.089  0.559  0.14   0.118]
 [ 0.001  0.103  0.033  0.053  0.781  0.03 ]
 [ 0.004  0.129  0.05   0.094  0.156  0.567]]

n=2		0.64
[  4.887   5.464   7.311   0.1     0.621   3.204   6.172   0.227   1.809	48.101]
n=3		0.57
[  4.918   5.666   7.706   0.112   0.662   3.507   6.706   0.238   1.952	50.193]
n=4		0.54
[  4.909   5.671   7.762   0.119   0.669   3.63    6.949   0.239   2.005	51.956]
n=7		0.41
[  5.07    5.753   7.279   0.104   0.527   3.289   6.097   0.118   1.951	44.54 ]
n=14		0.21
[  5.149   5.608   5.616   0.084   0.333   2.485   3.996   0.008   1.618	30.354]
naive:
[  2.326   2.37    6.3     0.07    0.457   2.944   6.507   0.089   1.602	41.389]
fitting to HMM and decoding ... classes=10
Transition matrix
[[ 0.574  0.015  0.     0.002  0.33   0.031  0.001  0.037  0.004  0.007]
 [ 0.019  0.359  0.013  0.002  0.182  0.005  0.07   0.027  0.22   0.103]
 [ 0.016  0.113  0.361  0.015  0.049  0.02   0.153  0.103  0.093  0.079]
 [ 0.187  0.126  0.074  0.22   0.036  0.055  0.     0.21   0.092  0.   ]
 [ 0.094  0.052  0.007  0.     0.782  0.004  0.023  0.009  0.011  0.017]
 [ 0.08   0.004  0.002  0.003  0.042  0.83   0.     0.016  0.006  0.016]
 [ 0.005  0.135  0.021  0.     0.123  0.     0.641  0.     0.057  0.018]
 [ 0.072  0.046  0.042  0.01   0.061  0.011  0.     0.62   0.023  0.117]
 [ 0.004  0.31   0.021  0.004  0.069  0.002  0.019  0.017  0.405  0.149]
 [ 0.004  0.186  0.094  0.01   0.227  0.007  0.01   0.181  0.034  0.247]]

n=2		0.55
[  5.416   5.571   6.89    0.1     1.257   3.323   6.091   3.156   1.738	46.958]
n=3		0.45
[  5.437   5.99    7.584   0.108   1.248   3.597   6.716   3.195   1.881	49.544]
n=4		0.40
[  5.478   6.164   7.718   0.11    1.248   3.706   6.748   3.247   1.927	49.236]
n=7		0.28
[  6.1     6.297   6.691   0.084   0.939   2.944   5.065   3.022   1.745	35.348]
n=14		0.07
[  5.85    6.387   5.598   0.075   0.528   2.106   3.349   1.003   1.65		30.504]
naive:
[  2.326   2.37    6.3     0.07    0.457   2.944   6.507   0.089   1.602	41.389]	
[ 'Temp'  'Dewpt' 'Humi'  'Press'  'Visi' 'Wind'  'Gust'  'Rain'  'Cloud'  'windDir']



ORD#######################
(9301, 10)

fitting to HMM and decoding ... classes=2
Transition matrix
[[ 0.674  0.326]
 [ 0.466  0.534]]

n=2		0.63
[ 17.084  16.191   9.1     0.173   1.392   3.078   6.54    0.186   1.83		84.171]
n=3		0.50
[ 17.116  16.455  10.188   0.188   1.595   3.134   6.744   0.206   2.076	83.873]
n=4		0.50
[ 17.103  16.484  10.464   0.191   1.62    3.138   6.787   0.206   2.092	83.796]
n=7		0.51
[ 17.116  16.478  10.345   0.187   1.545   3.13    6.719   0.199   2.015	83.905]
n=14		0.25
[ 16.835  16.027  10.397   0.193   1.59    3.236   6.857   0.197   2.052	85.295]
naive:
[  5.199   6.46    8.1     0.155   1.302   3.285   7.356   0.164   1.911	86.794]
fitting to HMM and decoding ... classes=4
Transition matrix
[[ 0.327  0.175  0.485  0.013]
 [ 0.247  0.4    0.345  0.009]
 [ 0.135  0.089  0.668  0.108]
 [ 0.028  0.015  0.423  0.534]]

n=2		0.53
[ 13.258  12.699   8.659   0.173   1.36    3.086   6.62    0.173   1.748	82.868]
n=3		0.42
[ 13.465  13.32    9.945   0.189   1.587   3.161   6.919   0.192   2.017	83.784]
n=4		0.38
[ 13.576  13.507  10.404   0.192   1.622   3.15    6.914   0.192   2.022	83.895]
n=7		0.37
[ 13.813  13.625  10.099   0.186   1.589   3.14    6.819   0.185   1.988	83.265]
n=14		0.02
[ 17.657  18.118   7.761   0.138   1.21    2.925   6.207   0.219   1.948	68.812]
naive:
[  5.199   6.46    8.1     0.155   1.302   3.285   7.356   0.164   1.911	86.794]
fitting to HMM and decoding ... classes=6
Transition matrix
[[ 0.63   0.04   0.265  0.     0.066  0.   ]
 [ 0.059  0.369  0.293  0.058  0.196  0.024]
 [ 0.195  0.083  0.517  0.01   0.184  0.01 ]
 [ 0.     0.01   0.008  0.653  0.009  0.32 ]
 [ 0.012  0.115  0.28   0.035  0.527  0.03 ]
 [ 0.     0.016  0.045  0.417  0.049  0.472]]

n=2		0.54
[  8.782   8.892   8.995   0.166   1.4     2.994   6.491   0.183   1.772	83.136]
n=3		0.41
[  9.756  10.443  10.1     0.187   1.627   3.067   6.757   0.207   2.038	87.13 ]
n=4		0.38
[ 10.073  10.806  10.486   0.194   1.678   3.072   6.82    0.206   2.019	87.948]
n=7		0.31
[  9.459   9.978   9.511   0.179   1.56    2.996   6.725   0.205   1.876	82.742]
n=14		0.02
[  6.499   7.989  10.131   0.152   1.266   2.272   5.804   0.25    2.02		81.052]
naive:
[  5.199   6.46    8.1     0.155   1.302   3.285   7.356   0.164   1.911	86.794]
fitting to HMM and decoding ... classes=10
Transition matrix
[[ 0.385  0.091  0.061  0.083  0.042  0.005  0.162  0.102  0.043  0.027]
 [ 0.144  0.506  0.054  0.041  0.039  0.004  0.052  0.064  0.072  0.023]
 [ 0.265  0.092  0.153  0.01   0.021  0.007  0.263  0.085  0.077  0.029]
 [ 0.145  0.087  0.007  0.34   0.056  0.     0.331  0.034  0.     0.   ]
 [ 0.133  0.203  0.02   0.108  0.352  0.008  0.115  0.047  0.014  0.   ]
 [ 0.023  0.013  0.017  0.     0.003  0.386  0.229  0.     0.044  0.286]
 [ 0.09   0.011  0.038  0.039  0.007  0.061  0.588  0.062  0.053  0.05 ]
 [ 0.231  0.097  0.057  0.012  0.026  0.     0.292  0.264  0.021  0.   ]
 [ 0.107  0.134  0.084  0.     0.015  0.045  0.303  0.013  0.228  0.071]
 [ 0.023  0.016  0.018  0.     0.     0.282  0.237  0.001  0.05   0.374]]

n=2		0.46
[  9.961   9.897   8.519   0.174   1.251   3.376   7.158   0.289   1.755	81.049]
n=3		0.38
[ 10.915  11.253   9.773   0.187   1.42    3.385   7.403   0.303   2.015	82.426]
n=4		0.35
[ 11.308  11.775  10.102   0.19    1.455   3.398   7.473   0.306   1.993	82.185]
n=7		0.19
[ 11.411  12.114  10.148   0.194   1.551   3.581   7.598   0.335   1.989	75.073]
n=14		0.02
[ 14.892  16.021   8.034   0.238   1.553   3.787   7.872   0.482   2.211	61.588]
naive:
[  5.199   6.46    8.1     0.155   1.302   3.285   7.356   0.164   1.911	86.794]
